2,15,0,15,0 2,15,0,15,0 2,15,0,15,0 2,15,0,15,0 2,15,0,15,0 2,15,0,15,0 2,15,0,15,0 2,15,0,15,0 2,15,0,15,0 2,15,0,15,0 2,15,0,15,0 2,15,0,15,0 2,15,0,15,0 2,15,0,15,0 2,15,0,15,0 2,15,0,15,0 2,15,0,15,0 2,15,0,15,0 2,15,0,15,0 2,15,0,15,0 2,15,0,15,0 2,15,0,15,0 2,15,0,15,0 2,15,0,15,0 2,15,0,15,0 
2,15,0,15,0 2,15,0,15,0 2,15,0,15,0 2,15,0,15,0 2,15,0,15,0 2,15,0,15,0 2,15,0,15,0 2,15,0,1,0 2,15,0,1,0 2,15,0,1,0 2,15,0,15,0 2,15,0,15,0 2,15,0,15,0 2,15,0,15,0 2,15,0,15,0 2,15,0,15,0 2,15,0,15,0 2,15,0,15,0 2,15,0,15,0 2,15,0,15,0 2,15,0,15,0 2,15,0,15,0 2,15,0,15,0 2,15,0,15,0 2,15,0,15,0 
2,15,0,15,0 2,15,0,15,0 1,15,0,15,0 2,15,0,15,0 2,15,0,15,0 2,15,0,15,0 2,15,0,15,0 2,15,0,15,0 2,15,0,15,0 2,15,0,15,0 2,15,0,15,0 2,15,0,15,0 2,15,0,15,0 2,15,0,15,0 2,15,0,15,0 2,15,0,15,0 2,15,0,15,0 2,15,0,15,0 2,15,0,15,0 2,15,0,15,0 2,15,0,15,0 2,15,0,15,0 2,15,0,15,0 2,15,0,15,0 2,15,0,15,0 
2,15,0,15,0 2,15,0,15,0 2,15,0,15,0 2,15,0,15,0 2,15,0,15,0 2,15,0,15,0 2,15,0,15,0 2,15,0,15,0 2,15,0,15,0 2,15,0,15,0 2,15,0,15,0 2,15,0,15,0 2,15,0,15,0 2,15,0,15,0 2,15,0,15,0 2,15,0,15,0 2,15,0,15,0 2,15,0,15,0 2,15,0,15,0 2,15,0,1,0 2,15,0,1,0 2,15,0,15,0 2,15,0,15,0 2,15,0,15,0 2,15,0,15,0 
2,15,0,15,0 2,15,0,15,0 2,15,0,15,0 2,15,0,15,0 2,15,0,15,0 2,15,0,15,0 2,15,0,15,0 2,15,0,15,0 2,15,0,15,0 2,15,0,15,0 2,15,0,15,0 2,15,0,15,0 2,15,0,15,0 2,15,0,15,0 2,15,0,15,0 2,15,0,15,0 2,15,0,15,0 2,15,0,15,0 2,15,0,15,0 2,15,0,15,0 2,15,0,15,0 2,15,0,15,0 2,15,0,15,0 2,15,0,15,0 2,15,0,15,0 
2,15,0,15,0 2,15,0,15,0 2,15,0,15,0 2,15,0,15,0 2,15,0,15,0 2,15,0,15,0 2,15,0,1,0 2,15,0,15,0 2,15,0,15,0 2,15,0,15,0 2,15,0,15,0 2,15,0,15,0 2,15,0,15,0 2,15,0,15,0 2,15,0,15,0 2,15,0,15,0 2,15,0,15,0 2,15,0,15,0 2,15,0,15,0 2,15,0,15,0 2,15,0,15,0 2,15,0,15,0 2,15,0,15,0 2,15,0,15,0 2,15,0,15,0 
2,15,0,15,0 2,15,0,15,0 2,15,0,15,0 2,15,0,15,0 2,15,0,15,0 2,15,0,15,0 2,15,0,15,0 2,15,0,15,0 2,15,0,15,0 2,15,0,15,0 2,15,0,15,0 2,15,0,15,0 2,15,0,15,0 2,15,0,15,0 2,15,0,15,0 2,15,0,15,0 2,15,0,15,0 2,15,0,15,0 2,15,0,15,0 2,15,0,15,0 2,15,0,15,0 2,15,0,15,0 2,15,0,15,0 2,15,0,15,0 2,15,0,15,0 
2,15,0,15,0 2,15,0,15,0 2,15,0,15,0 2,15,0,15,0 2,15,0,15,0 2,15,0,15,0 2,15,0,15,0 2,15,0,15,0 2,15,0,15,0 2,15,0,15,0 2,15,0,15,0 2,15,0,15,0 2,15,0,15,0 2,15,0,15,0 2,15,0,15,0 2,15,0,15,0 2,15,0,15,0 2,15,0,15,0 2,15,0,15,0 2,15,0,15,0 2,15,0,15,0 2,15,0,15,0 2,15,0,15,0 2,15,0,15,0 2,15,0,15,0 
2,15,0,15,0 2,15,0,15,0 2,15,0,15,0 2,15,0,15,0 2,15,0,15,0 2,15,0,15,0 2,15,0,15,0 2,15,0,15,0 2,15,0,15,0 2,15,0,15,0 2,15,0,15,0 2,15,0,15,0 2,15,0,15,0 2,15,0,15,0 2,15,0,15,0 2,15,0,15,0 2,15,0,15,0 2,15,0,15,0 2,15,0,15,0 2,15,0,15,0 2,15,0,15,0 2,15,0,15,0 2,15,0,15,0 2,15,0,15,0 2,15,0,15,0 
2,15,0,15,0 2,15,0,15,0 2,15,0,15,0 2,15,0,15,0 2,15,0,15,0 2,15,0,15,0 2,15,0,15,0 2,15,0,15,0 2,15,0,15,0 2,15,0,15,0 2,15,0,15,0 2,15,0,15,0 2,15,0,15,0 2,15,0,15,0 2,15,0,15,0 2,15,0,15,0 2,15,0,15,0 2,15,0,15,0 2,15,0,15,0 2,15,0,15,0 2,15,0,15,0 2,15,0,15,0 2,15,0,15,0 2,15,0,15,0 2,15,0,15,0 
2,15,0,15,0 2,15,0,15,0 2,15,0,15,0 2,15,0,15,0 2,15,0,15,0 2,15,0,15,0 2,15,0,15,0 2,15,0,15,0 2,15,0,15,0 2,15,0,15,0 2,15,0,15,0 2,15,0,15,0 2,15,0,15,0 2,15,0,15,0 2,15,0,15,0 2,15,0,15,0 2,15,0,15,0 2,15,0,15,0 2,15,0,15,0 2,15,0,15,0 2,15,0,15,0 2,15,0,15,0 2,15,0,15,0 2,15,0,15,0 2,15,0,15,0 
2,15,0,15,0 2,15,0,15,0 2,15,0,15,0 2,15,0,15,0 2,15,0,15,0 2,15,0,15,0 2,15,0,15,0 2,15,0,15,0 2,15,0,15,0 2,15,0,15,0 2,15,0,15,0 2,15,0,15,0 2,15,0,15,0 2,15,0,15,0 2,15,0,15,0 2,15,0,15,0 2,15,0,15,0 2,15,0,15,0 2,15,0,15,0 2,15,0,15,0 2,15,0,15,0 2,15,0,15,0 2,15,0,15,0 2,15,0,15,0 2,15,0,15,0 
2,15,0,15,0 2,15,0,15,0 2,15,0,15,0 2,15,0,15,0 2,15,0,15,0 2,15,0,15,0 2,15,0,15,0 2,15,0,15,0 2,15,0,15,0 2,15,0,15,0 2,15,0,15,0 2,15,0,15,0 2,15,0,15,0 2,15,0,15,0 2,15,0,15,0 2,15,0,15,0 2,15,0,15,0 2,15,0,15,0 2,15,0,15,0 2,15,0,15,0 2,15,0,15,0 2,15,0,15,0 2,15,0,15,0 2,15,0,15,0 2,15,0,15,0 
2,15,0,15,0 2,15,0,15,0 2,15,0,15,0 2,15,0,15,0 2,15,0,15,0 2,15,0,15,0 2,15,0,15,0 2,15,0,15,0 2,15,0,15,0 2,15,0,15,0 2,15,0,15,0 2,15,0,15,0 2,15,0,1,0 2,15,0,15,0 2,15,0,15,0 2,15,0,15,0 2,15,0,15,0 2,15,0,15,0 2,15,0,15,0 2,15,0,15,0 2,15,0,15,0 2,15,0,15,0 2,15,0,15,0 2,15,0,15,0 2,15,0,15,0 
2,15,0,15,0 2,15,0,15,0 2,15,0,15,0 2,15,0,15,0 2,15,0,15,0 2,15,0,15,0 2,15,0,15,0 2,15,0,15,0 2,15,0,15,0 2,15,0,15,0 2,15,0,15,0 2,15,0,15,0 2,15,0,15,0 2,15,0,15,0 2,15,0,15,0 2,15,0,15,0 2,15,0,15,0 2,15,0,15,0 2,15,0,15,0 2,15,0,15,0 2,15,0,15,0 2,15,0,15,0 2,15,0,15,0 2,15,0,15,0 2,15,0,15,0 
2,15,0,15,0 2,15,0,15,0 2,15,0,15,0 2,15,0,15,0 2,15,0,15,0 2,15,0,15,0 2,15,0,15,0 2,15,0,15,0 2,15,0,15,0 2,15,0,15,0 2,15,0,15,0 2,15,0,15,0 2,15,0,15,0 2,15,0,15,0 2,15,0,15,0 2,15,0,15,0 2,15,0,15,0 2,15,0,15,0 2,15,0,15,0 2,15,0,15,0 2,15,0,15,0 2,15,0,15,0 2,15,0,15,0 2,15,0,15,0 2,15,0,15,0 
2,15,0,15,0 2,15,0,15,0 2,15,0,15,0 2,15,0,15,0 2,15,0,15,0 2,15,0,15,0 2,15,0,15,0 2,15,0,15,0 2,15,0,15,0 2,15,0,15,0 2,15,0,15,0 2,15,0,15,0 2,15,0,15,0 2,15,0,15,0 2,15,0,15,0 2,15,0,15,0 2,15,0,15,0 2,15,0,15,0 2,15,0,15,0 2,15,0,15,0 2,15,0,15,0 2,15,0,15,0 2,15,0,15,0 2,15,0,15,0 2,15,0,15,0 
2,15,0,15,0 2,15,0,15,0 2,15,0,15,0 2,15,0,15,0 2,15,0,15,0 2,15,0,15,0 2,15,0,15,0 2,15,0,15,0 2,15,0,15,0 2,15,0,15,0 2,15,0,15,0 2,15,0,15,0 2,15,0,15,0 2,15,0,15,0 2,15,0,15,0 2,15,0,15,0 2,15,0,15,0 2,15,0,15,0 2,15,0,15,0 2,15,0,15,0 2,15,0,15,0 2,15,0,15,0 2,15,0,15,0 2,15,0,15,0 2,15,0,15,0 
2,15,0,15,0 2,15,0,15,0 2,15,0,15,0 2,15,0,15,0 2,15,0,15,0 2,15,0,15,0 2,15,0,15,0 2,15,0,15,0 2,15,0,15,0 2,15,0,15,0 2,15,0,15,0 2,15,0,15,0 2,15,0,15,0 2,15,0,15,0 2,15,0,15,0 2,15,0,15,0 2,15,0,15,0 2,15,0,15,0 2,15,0,15,0 2,15,0,15,0 2,15,0,15,0 2,15,0,15,0 2,15,0,15,0 2,15,0,15,0 2,15,0,15,0 
2,15,0,15,0 2,15,0,15,0 2,15,0,15,0 2,15,0,15,0 2,15,0,15,0 2,15,0,15,0 2,15,0,15,0 2,15,0,15,0 2,15,0,15,0 2,15,0,15,0 2,15,0,15,0 2,15,0,15,0 2,15,0,15,0 2,15,0,15,0 2,15,0,15,0 2,15,0,15,0 2,15,0,15,0 2,15,0,15,0 2,15,0,15,0 2,15,0,15,0 2,15,0,15,0 2,15,0,15,0 2,15,0,15,0 2,15,0,15,0 2,15,0,15,0 
2,15,0,15,0 2,15,0,15,0 2,15,0,15,0 2,15,0,15,0 2,15,0,15,0 2,15,0,15,0 2,15,0,15,0 2,15,0,15,0 2,15,0,15,0 2,15,0,15,0 2,15,0,15,0 2,15,0,15,0 2,15,0,15,0 2,15,0,15,0 2,15,0,15,0 2,15,0,15,0 2,15,0,15,0 2,15,0,15,0 2,15,0,15,0 2,15,0,15,0 2,15,0,15,0 2,15,0,15,0 2,15,0,15,0 2,15,0,15,0 2,15,0,15,0 
2,15,0,15,0 2,15,0,15,0 2,15,0,15,0 2,15,0,15,0 2,15,0,15,0 2,15,0,15,0 2,15,0,15,0 2,15,0,15,0 2,15,0,15,0 2,15,0,15,0 2,15,0,15,0 2,15,0,15,0 2,15,0,15,0 2,15,0,15,0 2,15,0,15,0 2,15,0,15,0 2,15,0,15,0 2,15,0,15,0 2,15,0,15,0 2,15,0,15,0 2,15,0,15,0 2,15,0,15,0 2,15,0,15,0 2,15,0,15,0 2,15,0,15,0 
2,15,0,15,0 2,15,0,15,0 2,15,0,15,0 2,15,0,15,0 2,15,0,15,0 2,15,0,15,0 2,15,0,15,0 2,15,0,15,0 2,15,0,15,0 2,15,0,15,0 2,15,0,15,0 2,15,0,15,0 2,15,0,15,0 2,15,0,15,0 2,15,0,15,0 2,15,0,15,0 2,15,0,15,0 2,15,0,15,0 2,15,0,15,0 2,15,0,15,0 2,15,0,15,0 2,15,0,15,0 2,15,0,15,0 2,15,0,15,0 2,15,0,15,0 
2,15,0,15,0 2,15,0,15,0 2,15,0,15,0 2,15,0,15,0 2,15,0,15,0 2,15,0,15,0 2,15,0,15,0 2,15,0,15,0 2,15,0,15,0 2,15,0,15,0 2,15,0,15,0 2,15,0,15,0 2,15,0,15,0 2,15,0,15,0 2,15,0,15,0 2,15,0,15,0 2,15,0,15,0 2,15,0,15,0 2,15,0,15,0 2,15,0,15,0 2,15,0,15,0 2,15,0,15,0 2,15,0,15,0 2,15,0,15,0 2,15,0,15,0 
2,15,0,15,0 2,15,0,15,0 2,15,0,15,0 2,15,0,15,0 2,15,0,15,0 2,15,0,15,0 2,15,0,15,0 2,15,0,15,0 2,15,0,15,0 2,15,0,15,0 2,15,0,15,0 2,15,0,15,0 2,15,0,15,0 2,15,0,15,0 2,15,0,15,0 2,15,0,15,0 2,15,0,15,0 2,15,0,15,0 2,15,0,15,0 2,15,0,15,0 2,15,0,15,0 2,15,0,15,0 2,15,0,15,0 2,15,0,15,0 2,15,0,15,0 
z
2,15,0,15,0 2,15,0,15,0 2,15,0,15,0 2,15,0,15,0 2,15,0,15,0 2,15,0,15,0 2,15,0,15,0 2,15,0,15,0 2,15,0,15,0 2,15,0,15,0 2,15,0,15,0 2,15,0,15,0 2,15,0,15,0 2,15,0,15,0 2,15,0,15,0 2,15,0,15,0 2,15,0,15,0 2,15,0,15,0 2,15,0,15,0 2,15,0,15,0 2,15,0,15,0 2,15,0,15,0 2,15,0,15,0 2,15,0,15,0 2,15,0,15,0 
2,15,0,15,0 2,15,2,11,0 1,15,0,0,0 2,15,2,11,0 1,15,0,1,0 2,15,0,1,0 1,15,0,0,0 1,15,0,0,0 2,15,0,1,0 1,3,0,0,0 1,3,0,0,0 1,3,0,0,0 1,3,0,0,0 1,3,0,0,0 2,15,0,15,0 1,15,0,0,0 1,15,0,15,0 1,15,0,0,0 1,15,0,0,0 1,15,0,0,0 1,15,0,15,0 1,15,0,0,0 1,15,0,0,0 1,15,0,0,0 2,15,0,15,0 
2,15,0,15,0 2,15,2,9,0 1,15,0,0,0 1,15,0,0,0 1,15,0,15,0 2,15,0,15,1 1,15,0,15,0 1,15,0,15,0 2,15,0,1,0 1,3,0,0,0 2,3,2,7,0 2,3,2,7,0 2,3,2,7,0 1,3,0,9,0 2,15,0,1,0 1,15,0,0,0 1,15,0,15,0 1,15,0,0,0 1,15,0,15,0 1,15,0,0,0 1,15,0,15,0 1,15,0,0,0 1,15,0,15,0 1,15,0,15,0 2,15,0,15,0 
2,15,0,15,0 2,15,2,11,0 1,15,0,0,0 7,15,0,0,0 1,15,0,15,0 1,15,0,15,0 1,15,0,15,0 1,15,0,0,0 5,15,4,15,5 1,3,0,9,0 2,3,2,7,0 2,3,2,7,0 2,3,2,7,0 1,3,0,0,0 2,15,0,15,0 1,15,0,0,0 1,15,0,15,0 1,15,0,0,0 1,15,0,15,0 1,15,0,0,0 1,15,0,15,0 1,15,0,0,0 1,15,0,15,0 1,15,0,0,0 2,15,0,15,0 
2,15,0,15,0 2,15,2,11,0 2,15,2,7,0 2,15,2,9,0 1,15,0,15,0 2,15,0,1,0 1,15,0,15,0 1,15,0,15,0 2,15,0,1,0 1,3,0,0,0 1,3,0,0,0 1,3,0,15,0 1,3,0,15,0 1,3,0,0,0 2,15,0,15,0 1,15,0,0,0 1,15,0,0,0 1,15,0,0,0 1,15,0,15,0 1,15,0,0,0 1,15,0,0,0 1,15,0,0,0 1,15,0,15,0 1,15,0,0,0 2,15,0,15,0 
2,15,0,15,0 2,15,0,1,0 2,15,0,15,4 2,15,0,15,0 2,15,0,1,0 2,15,0,1,0 1,15,0,0,0 1,15,0,15,0 2,15,0,1,0 2,15,0,1,0 2,15,0,1,0 2,15,0,1,0 2,15,0,1,0 2,15,0,1,0 2,15,0,1,0 2,15,0,1,0 2,15,0,1,0 2,15,0,1,0 2,15,0,1,0 2,15,0,1,0 1,15,0,15,0 1,15,0,0,0 1,15,0,15,0 1,15,0,0,0 2,15,0,15,0 
2,15,0,15,0 1,15,0,1,0 1,15,0,15,0 1,15,0,15,0 1,15,0,15,0 1,15,0,15,0 1,15,0,15,0 1,15,0,15,0 2,15,0,15,1 1,15,0,1,0 1,15,0,1,0 2,15,2,3,0 1,15,0,15,0 2,15,2,3,0 1,15,0,15,0 2,15,2,3,0 1,15,0,15,0 1,15,0,0,0 1,15,0,15,0 2,15,0,1,0 1,15,0,15,0 1,15,0,0,0 1,15,0,15,0 1,15,0,15,0 2,15,0,15,0 
2,15,0,15,0 1,15,0,1,0 1,15,0,15,0 1,15,0,15,0 1,15,0,1,0 1,15,0,15,0 1,15,0,1,0 1,15,0,1,0 2,15,0,1,0 1,15,0,1,0 1,15,0,1,0 2,15,2,3,0 1,15,0,0,0 2,15,2,3,0 1,15,0,15,0 2,15,2,3,0 1,15,0,15,0 2,15,2,7,0 1,15,0,15,0 2,15,0,15,1 1,15,0,15,0 1,15,0,0,0 1,15,0,0,0 1,15,0,0,0 2,15,0,15,0 
2,15,0,15,0 2,15,0,1,0 2,15,0,15,2 2,15,0,1,0 2,15,0,1,0 2,15,0,1,0 1,15,0,1,0 1,15,0,1,0 5,15,4,15,5 1,15,0,0,0 1,15,0,1,0 1,15,0,3,0 1,15,0,15,0 1,15,0,3,0 1,15,0,15,0 1,15,0,3,0 1,15,0,15,0 2,15,2,7,0 1,15,0,15,0 2,15,0,15,1 1,15,0,15,0 1,15,0,15,0 1,15,0,15,0 1,15,0,15,0 2,15,0,15,0 
2,15,0,15,0 1,15,0,15,0 1,15,0,15,0 1,15,0,15,0 1,15,0,15,0 1,15,0,1,0 1,15,0,1,0 1,15,0,1,0 2,15,0,1,0 1,15,0,0,0 1,15,0,0,0 2,15,2,3,0 1,15,0,0,0 2,15,2,3,0 1,15,0,0,0 2,15,2,3,0 1,15,0,15,0 2,15,2,7,0 1,15,0,0,0 2,15,0,15,1 1,15,0,0,0 1,15,0,0,0 1,15,0,0,0 1,15,0,0,0 2,15,0,15,0 
2,15,0,15,0 2,15,6,1,0 2,15,5,1,0 1,15,0,0,0 1,15,0,15,0 1,15,0,0,0 1,15,0,15,0 1,15,0,15,0 2,15,0,15,0 1,15,0,15,0 1,15,0,15,0 2,15,2,3,0 1,15,0,15,0 2,15,2,3,0 1,15,0,15,0 2,15,2,3,0 1,15,0,15,0 1,15,0,0,0 1,15,0,15,0 2,15,0,1,0 1,15,0,15,0 1,15,0,15,0 1,15,0,15,0 1,15,0,15,0 2,15,0,15,0 
2,15,0,15,0 1,15,0,0,0 1,15,0,15,0 1,15,0,0,0 1,15,0,15,0 1,15,0,0,0 1,15,0,0,0 1,15,0,0,0 2,15,0,15,0 2,15,0,15,0 2,15,0,15,0 2,15,0,15,0 2,15,0,15,0 2,15,0,15,0 2,15,0,15,0 2,15,0,15,0 2,15,0,15,0 2,15,0,1,0 2,15,0,1,0 2,15,0,1,0 1,15,0,15,0 1,15,0,15,0 1,15,0,15,0 1,15,0,15,0 2,15,0,15,0 
2,15,0,15,0 1,15,0,0,0 1,15,0,15,0 1,15,0,0,0 1,15,0,15,0 1,15,0,0,0 1,15,0,0,0 1,15,0,0,0 1,15,0,15,0 2,15,0,15,0 1,15,0,15,0 1,15,0,0,0 1,15,0,0,0 1,15,0,0,0 1,15,0,0,0 1,15,0,0,0 1,15,0,15,0 1,15,0,0,0 1,15,0,15,0 1,15,0,0,0 1,15,0,15,0 1,15,0,15,0 1,15,0,15,0 1,15,0,15,0 2,15,0,15,0 
2,15,0,15,0 1,15,0,0,0 2,15,2,9,0 1,15,0,0,0 1,15,0,15,0 1,15,0,0,0 1,15,0,0,0 1,15,0,0,0 1,15,0,15,0 2,15,0,15,0 1,15,0,15,0 1,15,0,0,0 1,15,0,0,0 1,15,0,0,0 1,15,0,0,0 1,15,0,0,0 1,15,0,15,0 1,15,0,0,0 1,15,0,15,0 1,15,0,0,0 1,15,0,15,0 1,15,0,15,0 1,15,0,15,0 1,15,0,15,0 2,15,0,15,0 
2,15,0,15,0 1,15,0,15,0 2,15,2,9,0 1,15,0,15,0 1,15,0,15,0 1,15,0,15,0 1,15,0,15,0 1,15,0,15,0 1,15,0,15,0 2,15,0,15,0 1,15,0,15,0 1,15,0,15,0 1,15,0,15,0 1,15,0,15,0 1,15,0,15,0 1,15,0,0,0 1,15,0,15,0 1,15,0,0,0 1,15,0,0,0 1,15,0,0,0 1,15,0,15,0 1,15,0,15,0 1,15,0,15,0 1,15,0,15,0 2,15,0,15,0 
2,15,0,15,0 1,15,0,0,0 2,15,2,9,0 1,15,0,4,0 1,15,0,4,0 1,15,0,4,0 1,15,0,4,0 1,15,0,4,0 1,15,0,15,0 2,15,0,15,0 1,15,0,0,0 1,15,0,0,0 1,15,0,15,0 1,15,0,15,0 1,15,0,15,0 1,15,0,0,0 1,15,0,15,0 1,15,0,0,0 1,15,0,15,0 1,15,0,0,0 1,15,0,15,0 1,15,0,15,0 1,15,0,15,0 1,15,0,15,0 2,15,0,15,0 
2,15,0,15,0 1,15,0,0,0 2,15,2,9,0 1,15,0,4,0 1,15,0,7,0 2,15,2,7,0 2,15,2,7,0 1,15,0,15,0 1,15,0,15,0 2,15,0,15,0 1,15,0,0,0 1,15,0,0,0 1,15,0,0,0 1,15,0,0,0 1,15,0,15,0 1,15,0,0,0 1,15,0,15,0 1,15,0,0,0 1,15,0,15,0 1,15,0,0,0 1,15,0,15,0 1,15,0,15,0 1,15,0,15,0 1,15,0,15,0 2,15,0,15,0 
2,15,0,15,0 1,15,0,0,0 2,15,2,9,0 1,15,0,4,0 2,15,2,3,0 2,15,2,7,0 2,15,2,7,0 2,15,2,3,0 1,15,0,15,0 2,15,0,15,0 1,15,0,0,0 1,15,0,0,0 1,15,0,15,0 1,15,0,0,0 1,15,0,0,0 1,15,0,0,0 1,15,0,0,0 1,15,0,0,0 1,15,0,15,0 1,15,0,0,0 1,15,0,15,0 1,15,0,15,0 1,15,0,15,0 1,15,0,15,0 2,15,0,15,0 
2,15,0,15,0 1,15,0,15,0 2,15,2,9,0 1,15,0,4,0 1,15,0,7,0 2,15,2,7,0 2,15,2,7,0 1,15,0,15,0 1,15,0,15,0 2,15,0,15,0 1,15,0,15,0 1,15,0,15,0 1,15,0,15,0 1,15,0,15,0 1,15,0,15,0 1,15,0,0,0 1,15,0,15,0 1,15,0,0,0 1,15,0,15,0 1,15,0,0,0 1,15,0,15,0 1,15,0,15,0 1,15,0,15,0 1,15,0,15,0 2,15,0,15,0 
2,15,0,15,0 1,15,0,15,0 2,15,2,9,0 1,15,0,4,0 2,15,2,3,0 2,15,2,7,0 2,15,2,7,0 2,15,2,3,0 1,15,0,15,0 2,15,0,15,0 1,15,0,15,0 1,15,0,15,0 1,15,0,15,0 1,15,0,15,0 1,15,0,15,0 1,15,0,0,0 1,15,0,15,0 1,15,0,0,0 1,15,0,15,0 1,15,0,0,0 1,15,0,15,0 1,15,0,15,0 1,15,0,15,0 1,15,0,15,0 2,15,0,15,0 
2,15,0,15,0 1,15,0,15,0 2,15,2,9,0 1,15,0,4,0 1,15,0,7,0 2,15,2,7,0 2,15,2,7,0 1,15,0,15,0 1,15,0,15,0 2,15,0,15,0 1,15,0,0,0 1,15,0,0,0 1,15,0,0,0 1,15,0,0,0 1,15,0,0,0 1,15,0,0,0 1,15,0,15,0 1,15,0,0,0 1,15,0,15,0 1,15,0,0,0 1,15,0,15,0 1,15,0,15,0 1,15,0,15,0 1,15,0,15,0 2,15,0,15,0 
2,15,0,15,0 1,15,0,0,0 2,15,2,9,0 1,15,0,4,0 2,15,2,3,0 2,15,2,7,0 2,15,2,7,0 2,15,2,3,0 1,15,0,15,0 2,15,0,15,0 1,15,0,15,0 1,15,0,15,0 1,15,0,15,0 1,15,0,0,0 1,15,0,15,0 1,15,0,15,0 1,15,0,15,0 1,15,0,0,0 1,15,0,15,0 1,15,0,0,0 1,15,0,15,0 1,15,0,15,0 1,15,0,15,0 1,15,0,15,0 2,15,0,15,0 
2,15,0,15,0 1,15,0,0,0 2,15,2,9,0 1,15,0,4,0 1,15,0,4,0 1,15,0,15,0 1,15,0,4,0 1,15,0,0,0 1,15,0,15,0 2,15,0,15,0 2,15,0,15,0 2,15,0,15,0 2,15,0,15,0 2,15,0,15,0 2,15,0,15,0 2,15,0,15,0 2,15,0,15,0 2,15,0,15,0 2,15,0,15,0 2,15,0,15,0 2,15,0,15,0 2,15,0,15,0 2,15,0,15,0 2,15,0,15,0 2,15,0,15,0 
2,15,0,15,0 1,15,0,15,0 2,15,2,9,0 2,15,0,15,0 2,15,0,15,0 2,15,0,15,0 2,15,0,15,0 2,15,0,15,0 2,15,0,15,0 2,15,0,15,0 2,15,0,15,0 2,15,0,15,0 2,15,0,15,0 2,15,0,15,0 2,15,0,15,0 2,15,0,15,0 2,15,0,15,0 2,15,0,15,0 2,15,0,15,0 2,15,0,15,0 2,15,0,15,0 2,15,0,15,0 2,15,0,15,0 2,15,0,15,0 2,15,0,15,0 
2,15,0,15,0 2,15,0,15,0 2,15,0,15,0 2,15,0,15,0 2,15,0,15,0 2,15,0,15,0 2,15,0,15,0 2,15,0,15,0 2,15,0,15,0 2,15,0,15,0 2,15,0,15,0 2,15,0,15,0 2,15,0,15,0 2,15,0,15,0 2,15,0,15,0 2,15,0,15,0 2,15,0,15,0 2,15,0,15,0 2,15,0,15,0 2,15,0,15,0 2,15,0,15,0 2,15,0,15,0 2,15,0,15,0 2,15,0,15,0 2,15,0,15,0 
z
2,15,0,15,0 2,15,0,15,0 2,15,0,15,0 2,15,0,15,0 2,15,0,15,0 2,15,0,15,0 2,15,0,15,0 2,15,0,15,0 2,15,0,15,0 2,15,0,15,0 2,15,0,15,0 2,15,0,15,0 2,15,0,15,0 2,15,0,15,0 2,15,0,15,0 2,15,0,15,0 2,15,0,15,0 2,15,0,15,0 2,15,0,15,0 2,15,0,15,0 2,15,0,15,0 2,15,0,15,0 2,15,0,15,0 2,15,0,15,0 2,15,0,15,0 
2,15,0,15,0 2,15,0,1,0 2,15,0,1,0 2,15,0,1,0 2,15,0,1,0 2,15,0,1,0 2,15,0,1,0 2,15,0,1,0 2,15,0,1,0 2,15,0,1,0 2,15,0,1,0 2,0,0,0,0 2,15,0,1,0 2,15,0,1,0 2,0,0,0,0 2,0,0,0,0 2,0,0,0,0 2,0,0,0,0 2,0,0,0,0 2,0,0,0,0 2,0,0,0,0 2,0,0,0,0 2,0,0,0,0 2,0,0,0,0 2,15,0,15,0 
2,15,0,15,0 2,15,0,1,0 2,15,0,1,0 2,15,0,1,0 2,15,0,1,0 2,15,0,1,0 2,15,0,1,0 2,15,0,1,0 2,15,0,1,0 2,15,0,1,0 2,15,0,1,0 2,15,0,1,0 2,15,0,1,0 2,15,0,1,0 2,15,0,1,0 2,15,0,1,0 2,15,0,1,0 2,0,0,0,0 2,0,0,0,0 2,0,0,0,0 2,0,0,0,0 2,0,0,0,0 2,0,0,0,0 2,0,0,0,0 2,15,0,15,0 
2,15,0,15,0 2,15,0,1,0 2,15,0,1,0 2,15,0,1,0 2,15,0,1,0 2,15,0,1,0 2,15,0,1,0 2,15,0,1,0 2,15,0,1,0 2,15,0,1,0 2,15,0,1,0 2,15,0,1,0 2,15,0,1,0 2,15,0,1,0 2,15,0,1,0 2,0,0,0,0 2,0,0,0,0 2,0,0,0,0 2,0,0,0,0 2,0,0,0,0 2,0,0,0,0 2,0,0,0,0 2,0,0,0,0 2,0,0,0,0 2,15,0,15,0 
2,15,0,15,0 2,15,0,1,0 2,15,0,1,0 2,15,0,1,0 2,15,0,1,0 2,15,0,1,0 2,15,0,1,0 2,15,0,1,0 2,15,0,1,0 2,15,0,1,0 2,15,0,1,0 2,15,0,1,0 2,15,0,1,0 2,15,0,1,0 2,0,0,0,0 2,15,0,1,0 2,15,0,1,0 2,0,0,0,0 2,0,0,0,0 2,0,0,0,0 2,0,0,0,0 2,0,0,0,0 2,0,0,0,0 2,0,0,0,0 2,15,0,15,0 
2,15,0,15,0 2,15,0,1,0 2,15,0,1,0 2,15,0,1,0 2,15,0,1,0 2,15,0,1,0 2,15,0,1,0 2,15,0,1,0 2,15,0,1,0 2,15,0,1,0 2,15,0,1,0 2,15,0,1,0 2,15,0,1,0 2,15,0,1,0 2,15,0,1,0 2,15,0,1,0 2,0,0,0,0 2,0,0,0,0 2,0,0,0,0 2,0,0,0,0 2,0,0,0,0 2,0,0,0,0 2,0,0,0,0 2,0,0,0,0 2,15,0,15,0 
2,15,0,15,0 2,15,0,1,0 2,15,0,1,0 2,15,0,1,0 2,15,0,1,0 2,15,0,1,0 2,15,0,1,0 2,15,0,1,0 2,15,0,1,0 2,15,0,1,0 2,15,0,1,0 2,15,0,1,0 2,15,0,1,0 2,15,0,1,0 2,15,0,1,0 2,15,0,1,0 2,0,0,0,0 2,0,0,0,0 2,0,0,0,0 2,0,0,0,0 2,0,0,0,0 2,0,0,0,0 2,0,0,0,0 2,0,0,0,0 2,15,0,15,0 
2,15,0,15,0 2,15,0,1,0 2,15,0,1,0 2,15,0,1,0 2,15,0,1,0 2,15,0,1,0 2,15,0,1,0 2,15,0,1,0 2,15,0,1,0 2,15,0,1,0 2,15,0,1,0 2,15,0,1,0 2,15,0,1,0 2,0,0,0,0 2,0,0,0,0 2,15,0,1,0 2,15,0,1,0 2,15,0,1,0 2,0,0,0,0 2,0,0,0,0 2,0,0,0,0 2,0,0,0,0 2,0,0,0,0 2,0,0,0,0 2,15,0,15,0 
2,15,0,15,0 2,0,0,0,0 2,0,0,0,0 2,15,0,1,0 2,15,0,1,0 2,15,0,1,0 2,15,0,1,0 2,0,0,0,0 2,15,0,1,0 2,15,0,1,0 2,15,0,1,0 2,0,0,0,0 2,0,0,0,0 2,15,0,1,0 2,15,0,1,0 2,15,0,1,0 2,15,0,1,0 2,0,0,0,0 2,0,0,0,0 2,0,0,0,0 2,0,0,0,0 2,0,0,0,0 2,0,0,0,0 2,0,0,0,0 2,15,0,15,0 
2,15,0,15,0 2,0,0,0,0 2,15,0,1,0 2,15,0,1,0 2,15,0,1,0 2,15,0,1,0 2,0,0,0,0 2,15,0,1,0 2,15,0,1,0 2,0,0,0,0 2,15,0,1,0 2,15,0,1,0 2,15,0,1,0 2,15,0,1,0 2,15,0,1,0 2,0,0,0,0 2,0,0,0,0 2,0,0,0,0 2,0,0,0,0 2,0,0,0,0 2,0,0,0,0 2,0,0,0,0 2,0,0,0,0 2,0,0,0,0 2,15,0,15,0 
2,15,0,15,0 2,0,0,0,0 2,0,0,0,0 2,0,0,0,0 2,0,0,0,0 2,0,0,0,0 2,0,0,0,0 2,15,0,1,0 2,0,0,0,0 2,15,0,1,0 2,15,0,1,0 2,15,0,1,0 2,15,0,1,0 2,15,0,1,0 2,0,0,0,0 2,0,0,0,0 2,0,0,0,0 2,15,0,1,0 2,0,0,0,0 2,0,0,0,0 2,0,0,0,0 2,0,0,0,0 2,0,0,0,0 2,0,0,0,0 2,15,0,15,0 
2,15,0,15,0 2,0,0,0,0 2,0,0,0,0 2,0,0,0,0 2,0,0,0,0 2,0,0,0,0 2,15,0,1,0 2,0,0,0,0 2,15,0,1,0 2,0,0,0,0 2,15,0,1,0 2,0,0,0,0 2,0,0,0,0 2,0,0,0,0 2,0,0,0,0 2,15,0,1,0 2,15,0,1,0 2,0,0,0,0 2,0,0,0,0 2,0,0,0,0 2,0,0,0,0 2,0,0,0,0 2,0,0,0,0 2,0,0,0,0 2,15,0,15,0 
2,15,0,15,0 2,15,1,15,0 2,0,0,0,0 2,0,0,0,0 2,15,0,1,0 2,0,0,0,0 2,15,0,1,0 2,15,0,1,0 2,15,0,1,0 2,15,0,1,0 2,0,0,0,0 2,15,0,1,0 2,15,0,1,0 2,15,0,1,0 2,15,0,1,0 2,0,0,0,0 2,0,0,0,0 2,0,0,0,0 2,0,0,0,0 2,0,0,0,0 2,0,0,0,0 2,0,0,0,0 2,0,0,0,0 2,0,0,0,0 2,15,0,15,0 
2,15,0,15,0 2,15,2,14,0 2,0,0,0,0 2,15,0,1,0 2,15,0,1,0 2,0,0,0,0 2,15,0,1,0 2,0,0,0,0 2,15,0,1,0 2,15,0,1,0 2,0,0,0,0 2,15,0,1,0 2,15,0,1,0 2,0,0,0,0 2,0,0,0,0 2,0,0,0,0 2,0,0,0,0 2,0,0,0,0 2,0,0,0,0 2,0,0,0,0 2,0,0,0,0 2,0,0,0,0 2,0,0,0,0 2,0,0,0,0 2,15,0,15,0 
2,15,0,15,0 2,15,2,13,0 2,0,0,0,0 2,15,0,1,0 2,0,0,0,0 2,0,0,0,0 2,0,0,0,0 2,15,0,1,0 2,15,0,1,0 2,0,0,0,0 2,15,0,1,0 2,15,0,1,0 2,15,0,1,0 2,0,0,0,0 2,0,0,0,0 2,0,0,0,0 2,0,0,0,0 2,0,0,0,0 2,0,0,0,0 2,0,0,0,0 2,0,0,0,0 2,0,0,0,0 2,0,0,0,0 2,0,0,0,0 2,15,0,15,0 
2,15,0,15,0 2,15,2,12,0 2,0,0,0,0 2,0,0,0,0 2,0,0,0,0 2,0,0,0,0 2,15,0,1,0 2,15,0,1,0 2,15,0,1,0 2,15,0,1,0 2,15,0,1,0 2,0,0,0,0 2,0,0,0,0 2,15,0,1,0 2,15,0,1,0 2,0,0,0,0 2,0,0,0,0 2,0,0,0,0 2,0,0,0,0 2,0,0,0,0 2,0,0,0,0 2,0,0,0,0 2,0,0,0,0 2,15,0,1,0 2,15,0,15,0 
2,15,0,15,0 2,15,2,11,0 2,0,0,0,0 2,0,0,0,0 2,15,0,1,0 2,15,0,1,0 2,15,0,1,0 2,0,0,0,0 2,0,0,0,0 2,15,0,1,0 2,0,0,0,0 2,15,0,1,0 2,15,0,1,0 2,15,0,1,0 2,15,0,1,0 2,0,0,0,0 2,15,0,1,0 2,15,0,1,0 2,0,0,0,0 2,0,0,0,0 2,0,0,0,0 2,0,0,0,0 2,0,0,0,0 2,0,0,0,0 2,15,0,15,0 
2,15,0,15,0 2,15,2,10,0 2,0,0,0,0 2,0,0,0,0 2,0,0,0,0 2,0,0,0,0 2,0,0,0,0 2,15,0,1,0 2,15,0,1,0 2,15,0,1,0 2,15,0,1,0 2,0,0,0,0 2,15,0,1,0 2,15,0,1,0 2,15,0,1,0 2,15,0,1,0 2,15,0,1,0 2,0,0,0,0 2,0,0,0,0 2,0,0,0,0 2,0,0,0,0 2,0,0,0,0 2,0,0,0,0 2,0,0,0,0 2,15,0,15,0 
2,15,0,15,0 2,15,2,9,0 2,0,0,0,0 2,0,0,0,0 2,0,0,0,0 2,0,0,0,0 2,15,0,1,0 2,15,0,1,0 2,0,0,0,0 2,0,0,0,0 2,0,0,0,0 2,15,0,1,0 2,15,0,1,0 2,15,0,1,0 2,15,0,1,0 2,0,0,0,0 2,0,0,0,0 2,0,0,0,0 2,0,0,0,0 2,0,0,0,0 2,0,0,0,0 2,0,0,0,0 2,0,0,0,0 2,0,0,0,0 2,15,0,15,0 
2,15,0,15,0 2,15,2,8,0 2,0,0,0,0 2,0,0,0,0 2,0,0,0,0 2,0,0,0,0 2,0,0,0,0 2,0,0,0,0 2,0,0,0,0 2,15,0,1,0 2,15,0,1,0 2,15,0,1,0 2,15,0,1,0 2,15,0,1,0 2,0,0,0,0 2,0,0,0,0 2,0,0,0,0 2,0,0,0,0 2,0,0,0,0 2,0,0,0,0 2,0,0,0,0 2,0,0,0,0 2,0,0,0,0 2,0,0,0,0 2,15,0,15,0 
2,15,0,15,0 2,15,2,7,0 2,0,0,0,0 2,0,0,0,0 2,0,0,0,0 2,0,0,0,0 2,0,0,0,0 2,15,0,1,0 2,15,0,1,0 2,15,0,1,0 2,15,0,1,0 2,0,0,0,0 2,0,0,0,0 2,0,0,0,0 2,0,0,0,0 2,0,0,0,0 2,0,0,0,0 2,0,0,0,0 2,0,0,0,0 2,0,0,0,0 2,0,0,0,0 2,0,0,0,0 2,0,0,0,0 2,0,0,0,0 2,15,0,15,0 
2,15,0,15,0 2,15,2,6,0 2,0,0,0,0 2,0,0,0,0 2,0,0,0,0 2,15,0,1,0 2,15,0,1,0 2,15,0,1,0 2,0,0,0,0 2,0,0,0,0 2,0,0,0,0 2,0,0,0,0 2,0,0,0,0 2,0,0,0,0 2,0,0,0,0 2,0,0,0,0 2,0,0,0,0 2,0,0,0,0 2,0,0,0,0 2,0,0,0,0 2,0,0,0,0 2,0,0,0,0 2,0,0,0,0 2,0,0,0,0 2,15,0,15,0 
2,15,0,15,0 2,15,2,5,0 2,0,0,0,0 2,0,0,0,0 2,0,0,0,0 2,15,0,1,0 2,15,0,1,0 2,15,0,1,0 2,15,0,1,0 2,15,0,1,0 2,15,0,1,0 2,15,0,1,0 2,15,0,1,0 2,15,0,1,0 2,15,0,1,0 2,15,0,1,0 2,15,0,1,0 2,15,0,1,0 2,15,0,1,0 2,15,0,1,0 2,15,0,15,0 2,15,0,15,0 2,15,0,15,0 2,15,0,15,0 2,15,0,15,0 
2,15,0,15,0 2,15,2,4,0 2,15,2,3,0 2,15,2,2,0 2,15,2,1,0 1,15,0,15,0 1,15,0,0,0 1,15,0,0,0 1,15,0,0,0 1,15,0,0,0 1,15,0,0,0 1,15,0,0,0 1,15,0,0,0 1,15,0,0,0 1,15,0,0,0 1,15,0,0,0 1,15,0,0,0 1,15,0,0,0 1,15,0,0,0 2,15,0,1,0 2,15,0,15,0 2,15,0,15,0 2,15,0,15,0 2,15,0,15,0 2,15,0,15,0 
2,15,0,15,0 2,15,0,15,0 2,15,0,15,0 2,15,0,15,0 2,15,0,15,0 2,15,0,15,0 2,15,0,15,0 2,15,0,15,0 2,15,0,15,0 2,15,0,15,0 2,15,0,15,0 2,15,0,15,0 2,15,0,15,0 2,15,0,15,0 2,15,0,15,0 2,15,0,15,0 2,15,0,15,0 2,15,0,15,0 2,15,0,15,0 2,15,0,15,0 2,15,0,15,0 2,15,0,15,0 2,15,0,15,0 2,15,0,15,0 2,15,0,15,0 
z
2,15,0,15,0 2,15,0,15,0 2,15,0,15,0 2,15,0,15,0 2,15,0,15,0 2,15,0,15,0 2,15,0,15,0 2,15,0,15,0 2,15,0,15,0 2,15,0,15,0 2,15,0,15,0 2,15,0,15,0 2,15,0,15,0 2,15,0,15,0 2,15,0,15,0 2,15,0,15,0 2,15,0,15,0 2,15,0,15,0 2,15,0,15,0 2,15,0,15,0 2,15,0,15,0 2,15,0,15,0 2,15,0,15,0 2,15,0,15,0 2,15,0,15,0 
2,15,0,15,0 2,15,0,15,0 1,15,0,15,0 1,15,0,15,0 1,15,0,0,0 2,15,0,15,0 1,15,0,0,0 1,15,0,0,0 3,15,0,15,0 2,15,0,15,0 1,3,0,0,0 2,15,0,15,0 1,15,0,0,0 1,15,0,0,0 1,15,0,0,0 2,15,0,0,0 1,15,0,0,0 1,15,0,1,0 1,15,0,1,0 1,15,0,1,0 1,15,0,1,0 1,15,0,1,0 1,15,0,1,0 1,15,0,1,0 2,15,0,15,0 
2,15,0,15,0 2,3,0,0,0 1,15,0,0,0 1,15,0,0,0 1,15,0,0,0 2,3,0,0,0 5,15,5,15,0 2,3,0,0,0 2,3,0,0,0 6,15,0,15,0 6,15,0,15,0 6,15,0,15,0 1,15,0,0,0 1,15,0,5,0 1,15,0,0,0 2,15,0,0,0 1,15,0,0,0 1,15,0,1,0 1,15,0,15,0 1,15,0,0,0 1,15,0,15,0 1,15,0,0,0 1,15,0,0,0 1,15,0,1,0 2,15,0,15,0 
2,15,0,15,0 1,3,0,0,0 1,15,0,0,0 1,15,0,0,0 1,15,0,0,0 1,6,0,0,0 1,6,0,0,0 1,6,0,0,0 4,3,2,14,0 6,15,0,15,0 6,15,0,15,0 1,15,0,15,0 1,15,0,15,0 1,15,0,0,0 1,15,0,0,0 2,15,0,0,0 1,15,0,15,0 1,15,0,1,0 1,15,0,15,0 1,15,0,0,0 1,15,0,15,0 1,15,0,0,0 1,15,0,15,0 1,15,0,1,0 2,15,0,15,0 
2,15,0,15,0 1,3,0,0,0 1,15,0,0,0 1,15,0,0,0 1,15,0,15,0 1,6,0,0,0 1,15,0,0,0 1,6,0,0,0 5,15,3,15,0 1,15,0,0,0 1,15,0,0,0 1,15,0,0,0 6,15,0,15,0 1,15,0,0,0 1,15,0,0,0 2,15,0,0,0 1,15,0,0,0 1,15,0,1,0 1,15,0,15,0 1,15,0,0,0 1,15,0,15,0 1,15,0,0,0 1,15,0,0,0 1,15,0,1,0 2,15,0,15,0 
2,15,0,15,0 1,3,0,0,0 1,3,0,0,0 1,3,0,0,0 2,6,0,0,0 1,6,0,0,0 1,6,0,0,0 1,6,0,0,0 2,3,0,0,0 1,15,0,0,0 6,15,0,15,0 2,15,0,15,0 2,15,0,15,0 1,15,0,15,0 1,15,0,15,0 2,15,0,0,0 1,15,0,15,0 1,15,0,1,0 1,15,0,15,0 1,15,0,0,0 1,15,0,15,0 1,15,0,0,0 1,15,0,15,0 1,15,0,1,0 2,15,0,15,0 
2,15,0,15,0 2,3,0,0,0 2,3,0,0,0 2,3,0,0,0 2,3,0,0,0 2,15,0,1,0 5,15,5,15,0 2,3,4,1,0 2,3,0,0,0 1,15,0,0,0 1,15,0,0,0 3,15,0,15,0 2,15,0,15,0 2,15,0,15,0 2,15,0,15,0 2,15,0,0,0 2,15,0,0,0 2,15,0,0,0 2,15,0,0,0 2,15,0,0,0 2,15,0,0,0 1,15,0,1,0 1,15,0,1,0 2,15,0,0,0 2,15,0,15,0 
2,15,0,15,0 2,0,0,0,0 2,0,0,0,0 2,0,0,0,0 2,0,0,0,0 2,0,0,0,0 2,0,0,0,0 2,0,0,0,0 2,0,0,0,0 2,0,0,0,0 2,0,0,0,0 2,0,0,0,0 2,0,0,0,0 2,0,0,0,0 2,0,0,0,0 2,0,0,0,0 2,0,0,0,0 2,0,0,0,0 2,0,0,0,0 2,0,0,0,0 2,15,0,0,0 1,15,0,0,0 1,15,0,0,0 2,15,0,0,0 2,15,0,15,0 
2,15,0,15,0 2,0,0,0,0 2,0,0,0,0 2,0,0,0,0 2,0,0,0,0 2,0,0,0,0 2,0,0,0,0 2,0,0,0,0 2,0,0,0,0 2,0,0,0,0 2,0,0,0,0 2,0,0,0,0 2,0,0,0,0 2,0,0,0,0 2,0,0,0,0 2,0,0,0,0 2,0,0,0,0 2,0,0,0,0 2,0,0,0,0 2,0,0,0,0 2,15,0,0,0 1,15,0,0,0 1,15,0,0,0 2,15,0,0,0 2,15,0,15,0 
2,15,0,15,0 2,0,0,0,0 2,0,0,0,0 2,0,0,0,0 2,0,0,0,0 2,0,0,0,0 2,0,0,0,0 2,0,0,0,0 2,0,0,0,0 2,0,0,0,0 2,0,0,0,0 2,0,0,0,0 2,0,0,0,0 2,0,0,0,0 2,0,0,0,0 2,0,0,0,0 2,0,0,0,0 2,0,0,0,0 2,0,0,0,0 2,0,0,0,0 2,15,0,0,0 1,15,0,0,0 1,15,0,0,0 2,15,0,0,0 2,15,0,15,0 
2,15,0,15,0 2,0,0,0,0 2,0,0,0,0 2,0,0,0,0 2,0,0,0,0 2,0,0,0,0 2,0,0,0,0 2,0,0,0,0 2,0,0,0,0 2,0,0,0,0 2,0,0,0,0 2,0,0,0,0 2,0,0,0,0 2,0,0,0,0 2,0,0,0,0 2,0,0,0,0 2,0,0,0,0 2,0,0,0,0 2,0,0,0,0 2,0,0,0,0 2,15,0,0,0 1,15,0,0,0 1,15,0,0,0 2,15,0,0,0 2,15,0,15,0 
2,15,0,15,0 2,0,0,0,0 2,0,0,0,0 2,0,0,0,0 2,0,0,0,0 2,0,0,0,0 2,0,0,0,0 2,0,0,0,0 2,0,0,0,0 2,0,0,0,0 2,0,0,0,0 2,0,0,0,0 2,0,0,0,0 2,0,0,0,0 2,0,0,0,0 2,0,0,0,0 2,0,0,0,0 2,0,0,0,0 2,0,0,0,0 2,0,0,0,0 2,15,0,0,0 1,15,0,0,0 1,15,0,0,0 2,15,0,0,0 2,15,0,15,0 
2,15,0,15,0 2,0,0,0,0 2,0,0,0,0 2,0,0,0,0 2,0,0,0,0 2,0,0,0,0 2,0,0,0,0 2,0,0,0,0 2,0,0,0,0 2,0,0,0,0 2,0,0,0,0 2,0,0,0,0 2,0,0,0,0 2,0,0,0,0 2,0,0,0,0 2,0,0,0,0 2,0,0,0,0 2,0,0,0,0 2,0,0,0,0 2,0,0,0,0 2,15,0,0,0 1,15,0,0,0 1,15,0,0,0 2,15,0,0,0 2,15,0,15,0 
2,15,0,15,0 2,0,0,0,0 2,0,0,0,0 2,0,0,0,0 2,0,0,0,0 2,0,0,0,0 2,0,0,0,0 2,0,0,0,0 2,0,0,0,0 2,0,0,0,0 2,15,0,0,0 2,15,0,0,0 4,15,0,1,0 2,15,0,0,0 4,15,0,1,0 2,15,0,0,0 2,15,0,0,0 2,15,0,0,0 2,15,0,0,0 2,15,0,0,0 2,15,0,0,0 1,15,0,0,0 1,15,0,0,0 2,15,0,0,0 2,15,0,15,0 
2,15,0,15,0 2,0,0,0,0 2,0,0,0,0 2,0,0,0,0 2,0,0,0,0 2,0,0,0,0 2,0,0,0,0 2,0,0,0,0 2,0,0,0,0 2,0,0,0,0 2,15,0,1,0 1,15,0,0,0 1,15,0,0,0 1,15,0,0,0 1,15,0,0,0 1,15,0,0,0 1,15,0,0,0 1,15,0,0,0 1,15,0,0,0 1,15,0,0,0 1,15,0,0,0 1,15,0,0,0 1,15,0,0,0 2,15,0,0,0 2,15,0,15,0 
2,15,0,15,0 2,0,0,0,0 2,0,0,0,0 2,0,0,0,0 2,0,0,0,0 2,0,0,0,0 2,0,0,0,0 2,0,0,0,0 2,0,0,0,0 2,0,0,0,0 2,15,0,1,0 1,15,0,0,0 1,15,0,0,0 1,15,0,0,0 1,15,0,0,0 1,15,0,0,0 1,15,0,0,0 1,15,0,0,0 1,15,0,0,0 1,15,0,0,0 1,15,0,0,0 1,15,0,0,0 1,15,0,0,0 2,15,0,0,0 2,15,0,15,0 
2,15,0,15,0 2,0,0,0,0 2,0,0,0,0 2,0,0,0,0 2,0,0,0,0 2,0,0,0,0 2,0,0,0,0 2,0,0,0,0 2,0,0,0,0 2,0,0,0,0 2,15,0,0,0 2,15,0,0,0 2,15,0,0,0 2,15,0,0,0 2,15,0,0,0 2,15,0,0,0 2,15,0,0,0 2,15,0,0,0 2,15,0,0,0 2,15,0,0,0 2,15,0,0,0 1,15,0,0,0 1,15,0,0,0 2,15,0,0,0 2,15,0,15,0 
2,15,0,15,0 2,0,0,0,0 2,0,0,0,0 2,0,0,0,0 2,0,0,0,0 2,0,0,0,0 2,0,0,0,0 2,0,0,0,0 2,0,0,0,0 2,0,0,0,0 2,0,0,0,0 2,0,0,0,0 2,0,0,0,0 2,0,0,0,0 2,0,0,0,0 2,0,0,0,0 2,0,0,0,0 2,0,0,0,0 2,0,0,0,0 2,0,0,0,0 2,15,0,0,0 1,15,0,0,0 1,15,0,0,0 2,15,0,0,0 2,15,0,15,0 
2,15,0,15,0 2,0,0,0,0 2,0,0,0,0 2,0,0,0,0 2,0,0,0,0 2,0,0,0,0 2,0,0,0,0 2,0,0,0,0 2,0,0,0,0 2,0,0,0,0 2,0,0,0,0 2,0,0,0,0 2,0,0,0,0 2,0,0,0,0 2,0,0,0,0 2,0,0,0,0 2,0,0,0,0 2,0,0,0,0 2,0,0,0,0 2,0,0,0,0 2,15,0,0,0 1,15,0,0,0 1,15,0,0,0 2,15,0,0,0 2,15,0,15,0 
2,15,0,15,0 2,0,0,0,0 2,0,0,0,0 2,0,0,0,0 2,0,0,0,0 2,0,0,0,0 2,0,0,0,0 2,0,0,0,0 2,0,0,0,0 2,0,0,0,0 2,0,0,0,0 2,0,0,0,0 2,0,0,0,0 2,0,0,0,0 2,0,0,0,0 2,0,0,0,0 2,0,0,0,0 2,0,0,0,0 2,15,0,0,0 2,15,0,0,0 2,15,0,0,0 1,15,0,0,0 1,15,0,0,0 2,15,0,0,0 2,15,0,15,0 
2,15,0,15,0 2,0,0,0,0 2,0,0,0,0 2,0,0,0,0 2,0,0,0,0 2,0,0,0,0 2,0,0,0,0 2,0,0,0,0 2,0,0,0,0 2,0,0,0,0 2,0,0,0,0 2,0,0,0,0 2,0,0,0,0 2,0,0,0,0 2,0,0,0,0 2,0,0,0,0 2,0,0,0,0 2,0,0,0,0 2,0,0,0,0 1,15,0,0,0 1,15,0,0,0 1,15,0,0,0 1,15,0,0,0 1,15,0,0,0 2,15,0,15,0 
2,15,0,15,0 2,0,0,0,0 2,0,0,0,0 2,0,0,0,0 2,0,0,0,0 2,0,0,0,0 2,0,0,0,0 2,0,0,0,0 2,0,0,0,0 2,0,0,0,0 2,0,0,0,0 2,0,0,0,0 2,0,0,0,0 2,0,0,0,0 2,0,0,0,0 2,0,0,0,0 2,0,0,0,0 2,0,0,0,0 2,15,0,1,0 1,15,0,0,0 1,15,0,0,0 1,15,0,0,0 1,15,0,0,0 1,15,0,0,0 2,15,0,15,0 
2,15,0,15,0 2,0,0,0,0 2,0,0,0,0 2,0,0,0,0 2,0,0,0,0 2,0,0,0,0 2,0,0,0,0 2,0,0,0,0 2,0,0,0,0 2,0,0,0,0 2,0,0,0,0 2,0,0,0,0 2,0,0,0,0 2,0,0,0,0 2,0,0,0,0 2,0,0,0,0 2,0,0,0,0 2,0,0,0,0 2,0,0,0,0 1,15,0,0,0 1,15,0,0,0 1,15,0,0,0 1,15,0,0,0 1,15,0,0,0 2,15,0,15,0 
2,15,0,15,0 2,0,0,0,0 2,0,0,0,0 2,0,0,0,0 2,0,0,0,0 2,15,2,14,0 2,15,2,13,0 2,15,2,12,0 2,15,2,11,0 2,15,2,10,0 2,15,2,9,0 2,15,2,8,0 2,15,2,7,0 2,15,2,6,0 2,15,2,5,0 2,15,2,4,0 2,15,2,3,0 2,15,2,2,0 2,15,2,1,0 1,15,0,1,0 1,15,0,0,0 1,15,0,0,0 1,15,0,0,0 1,15,0,0,0 2,15,0,15,0 
2,15,0,15,0 2,15,0,15,0 2,15,0,15,0 2,15,0,15,0 2,15,0,15,0 2,15,0,15,0 2,15,0,15,0 2,15,0,15,0 2,15,0,15,0 2,15,0,15,0 2,15,0,15,0 2,15,0,15,0 2,15,0,15,0 2,15,0,15,0 2,15,0,15,0 2,15,0,15,0 2,15,0,15,0 2,15,0,15,0 2,15,0,15,0 2,15,0,15,0 2,15,0,15,0 2,15,0,15,0 2,15,0,15,0 2,15,0,15,0 2,15,0,15,0 
z
2,15,0,15,0 2,15,0,15,0 2,15,0,15,0 2,15,0,15,0 2,15,0,15,0 2,15,0,15,0 2,15,0,15,0 2,15,0,15,0 2,15,0,15,0 2,15,0,15,0 2,15,0,15,0 2,15,0,15,0 2,15,0,15,0 2,15,0,15,0 2,15,0,15,0 2,15,0,15,0 2,15,0,15,0 2,15,0,15,0 2,15,0,15,0 2,15,0,15,0 2,15,0,15,0 2,15,0,15,0 2,15,0,15,0 2,15,0,15,0 2,15,0,15,0 
2,15,0,15,0 2,15,0,15,0 2,15,0,1,0 2,15,0,1,0 2,15,0,1,0 2,15,0,15,0 2,15,0,1,0 2,15,0,1,0 2,15,0,1,0 2,15,0,1,0 2,15,0,1,0 2,15,0,1,0 2,15,0,1,0 2,15,0,1,0 2,15,0,1,0 2,15,0,1,0 2,15,0,15,0 2,15,0,15,0 2,15,0,15,0 2,15,0,15,0 2,15,0,15,0 2,15,0,15,0 2,15,0,15,0 2,15,0,15,0 2,15,0,15,0 
2,15,0,15,0 2,15,0,1,0 2,15,0,1,0 2,15,0,1,0 2,15,0,1,0 2,3,0,0,0 2,15,0,1,0 2,3,0,0,0 2,15,0,1,0 2,15,0,1,0 2,15,0,1,0 2,15,0,1,0 2,15,0,1,0 2,15,0,1,0 2,15,0,1,0 2,15,0,15,0 2,15,0,15,0 2,15,0,15,0 2,15,0,15,0 2,15,0,15,0 2,15,0,15,0 2,15,0,15,0 2,15,0,15,0 2,15,0,15,0 2,15,0,15,0 
2,15,0,15,0 2,15,0,1,0 2,15,0,1,0 2,15,0,1,0 2,15,0,1,0 2,15,0,1,0 2,15,0,1,0 2,15,0,1,0 2,15,0,1,0 2,15,0,1,0 2,15,0,1,0 2,15,0,1,0 2,15,0,1,0 2,15,0,1,0 2,15,0,1,0 2,15,0,15,0 2,15,0,15,0 2,15,0,15,0 2,15,0,15,0 2,15,0,15,0 2,15,0,15,0 2,15,0,15,0 2,15,0,15,0 2,15,0,15,0 2,15,0,15,0 
2,15,0,15,0 2,15,0,1,0 2,15,0,1,0 2,15,0,1,0 2,15,0,1,0 2,15,0,1,0 2,15,0,1,0 2,15,0,1,0 2,15,0,1,0 2,15,0,1,0 2,15,0,1,0 2,15,0,1,0 2,15,0,1,0 2,15,0,1,0 2,15,0,1,0 2,15,0,15,0 2,15,0,15,0 2,15,0,15,0 2,15,0,15,0 2,15,0,15,0 2,15,0,15,0 2,15,0,15,0 2,15,0,15,0 2,15,0,15,0 2,15,0,15,0 
2,15,0,15,0 2,15,0,1,0 2,15,0,1,0 2,15,0,1,0 2,15,0,1,0 2,15,0,1,0 2,15,0,1,0 2,15,0,1,0 2,15,0,1,0 2,15,0,1,0 2,15,0,1,0 2,15,0,1,0 2,15,0,1,0 2,15,0,15,0 2,15,0,15,0 2,15,0,15,0 2,15,0,15,0 2,15,0,15,0 2,15,0,15,0 2,15,0,15,0 2,15,0,15,0 2,15,0,15,0 2,15,0,15,0 2,15,0,15,0 2,15,0,15,0 
2,15,0,15,0 2,3,0,0,0 2,15,0,1,0 2,15,0,1,0 2,15,0,1,0 2,15,0,1,0 2,15,0,1,0 2,15,0,1,0 2,15,0,1,0 2,15,0,1,0 2,15,0,1,0 2,15,0,1,0 2,15,0,15,0 2,15,0,15,0 2,15,0,15,0 2,15,0,15,0 2,15,0,15,0 2,15,0,15,0 2,15,0,15,0 2,15,0,15,0 2,15,0,15,0 2,15,0,15,0 2,15,0,15,0 2,15,0,15,0 2,15,0,15,0 
2,15,0,15,0 2,0,0,0,0 2,0,0,0,0 2,0,0,0,0 2,0,0,0,0 2,0,0,0,0 2,0,0,0,0 2,0,0,0,0 2,0,0,0,0 2,0,0,0,0 2,0,0,0,0 2,0,0,0,0 2,0,0,0,0 2,0,0,0,0 2,0,0,0,0 2,0,0,0,0 2,0,0,0,0 2,0,0,0,0 2,0,0,0,0 2,0,0,0,0 2,0,0,0,0 2,0,0,0,0 2,0,0,0,0 2,0,0,0,0 2,15,0,15,0 
2,15,0,15,0 2,15,0,1,0 2,15,0,1,0 2,15,0,1,0 2,15,0,1,0 2,15,0,1,0 2,0,0,0,0 2,0,0,0,0 2,0,0,0,0 2,0,0,0,0 2,0,0,0,0 2,0,0,0,0 2,0,0,0,0 2,0,0,0,0 2,0,0,0,0 2,0,0,0,0 2,15,0,1,0 2,0,0,0,0 2,15,0,1,0 2,0,0,0,0 2,15,0,1,0 2,0,0,0,0 2,0,0,0,0 2,0,0,0,0 2,15,0,15,0 
2,15,0,15,0 2,15,0,1,0 2,15,0,1,0 2,15,0,1,0 2,15,0,1,0 2,15,0,1,0 2,15,0,1,0 2,15,0,1,0 2,15,0,1,0 2,15,0,1,0 2,15,0,1,0 2,15,0,1,0 2,15,0,1,0 2,15,0,1,0 2,15,0,1,0 2,15,0,1,0 2,15,0,1,0 2,0,0,0,0 2,0,0,0,0 2,0,0,0,0 2,15,0,1,0 2,15,0,1,0 2,15,0,1,0 2,0,0,0,0 2,15,0,15,0 
2,15,0,15,0 1,15,0,0,0 1,15,0,0,0 1,15,0,0,0 1,15,0,0,0 1,15,0,0,0 1,15,0,0,0 1,15,0,0,0 1,15,0,0,0 1,15,0,0,0 1,15,0,0,0 1,15,0,0,0 1,15,0,0,0 1,15,0,0,0 1,15,0,0,0 2,15,0,1,0 2,15,0,1,0 2,15,0,1,0 2,15,0,1,0 2,15,0,1,0 2,15,0,1,0 2,15,0,1,0 2,0,0,0,0 2,0,0,0,0 2,15,0,15,0 
2,15,0,15,0 1,15,0,0,0 1,15,0,0,0 1,15,0,0,0 1,15,0,0,0 1,15,0,0,0 1,15,0,0,0 1,15,0,0,0 1,15,0,0,0 1,15,0,0,0 1,15,0,0,0 1,15,0,0,0 1,15,0,0,0 1,15,0,0,0 1,15,0,0,0 2,15,0,1,0 2,15,0,1,0 2,0,0,0,0 2,15,0,1,0 2,15,0,1,0 2,15,0,1,0 2,15,0,1,0 2,15,0,1,0 2,0,0,0,0 2,15,0,15,0 
2,15,0,15,0 1,15,0,0,0 1,15,0,0,0 1,15,0,0,0 1,15,0,0,0 1,15,0,0,0 1,15,0,0,0 1,15,0,0,0 1,15,0,0,0 1,15,0,0,0 1,15,0,0,0 1,15,0,0,0 1,15,0,0,0 1,15,0,0,0 1,15,0,0,0 2,15,0,1,0 2,15,0,1,0 2,15,0,1,0 2,15,0,1,0 2,15,0,1,0 2,15,0,1,0 2,15,0,1,0 2,15,0,1,0 2,0,0,0,0 2,15,0,15,0 
2,15,0,15,0 1,15,0,0,0 1,15,0,0,0 1,15,0,0,0 1,15,0,0,0 2,15,0,1,0 2,15,0,1,0 2,15,0,1,0 2,15,0,1,0 2,15,0,1,0 2,15,0,1,0 2,15,0,1,0 3,15,0,1,0 2,15,0,1,0 3,15,0,1,0 2,15,0,1,0 2,15,0,1,0 2,15,0,1,0 2,15,0,1,0 2,15,0,1,0 2,15,0,1,0 2,15,0,1,0 2,15,0,1,0 2,15,0,1,0 2,15,0,15,0 
2,15,0,15,0 1,15,0,0,0 1,15,0,0,0 1,15,0,0,0 1,15,0,0,0 2,15,0,1,0 2,15,0,1,0 2,0,0,0,0 2,0,0,0,0 2,0,0,0,0 2,0,0,0,0 2,0,0,0,0 2,0,0,0,0 2,0,0,0,0 2,0,0,0,0 2,15,0,1,0 2,15,0,1,0 2,15,0,1,0 2,15,0,1,0 2,15,0,1,0 2,15,0,1,0 2,15,0,1,0 2,15,0,1,0 2,15,0,1,0 2,15,0,15,0 
2,15,0,15,0 1,15,0,0,0 1,15,0,0,0 1,15,0,0,0 1,15,0,0,0 2,15,0,1,0 2,15,0,1,0 2,0,0,0,0 2,0,0,0,0 2,0,0,0,0 2,0,0,0,0 2,0,0,0,0 2,0,0,0,0 2,0,0,0,0 2,0,0,0,0 2,15,0,1,0 2,15,0,1,0 2,15,0,1,0 2,15,0,1,0 2,15,0,1,0 2,15,0,1,0 2,15,0,1,0 2,15,0,1,0 2,15,0,1,0 2,15,0,15,0 
2,15,0,15,0 1,15,0,0,0 1,15,0,0,0 1,15,0,0,0 1,15,0,0,0 2,15,0,1,0 2,0,0,0,0 2,0,0,0,0 2,0,0,0,0 2,0,0,0,0 2,0,0,0,0 2,0,0,0,0 2,0,0,0,0 2,15,0,1,0 2,15,0,1,0 2,15,0,1,0 2,15,0,1,0 2,15,0,1,0 2,15,0,1,0 2,0,0,0,0 2,15,0,1,0 2,15,0,1,0 2,15,0,1,0 2,15,0,1,0 2,15,0,15,0 
2,15,0,15,0 1,15,0,0,0 1,15,0,0,0 1,15,0,0,0 1,15,0,0,0 2,15,0,1,0 2,0,0,0,0 2,15,0,1,0 2,0,0,0,0 2,0,0,0,0 2,0,0,0,0 2,0,0,0,0 2,15,0,1,0 2,15,0,1,0 2,15,0,1,0 2,15,0,1,0 2,15,0,1,0 2,15,0,1,0 2,15,0,1,0 2,15,0,1,0 2,15,0,1,0 2,15,0,1,0 2,0,0,0,0 2,15,0,1,0 2,15,0,15,0 
2,15,0,15,0 1,15,0,0,0 1,15,0,0,0 1,15,0,0,0 1,15,0,0,0 2,15,0,1,0 2,0,0,0,0 2,15,0,1,0 2,0,0,0,0 2,0,0,0,0 2,15,0,1,0 2,15,0,1,0 2,15,0,1,0 2,15,0,1,0 2,15,0,1,0 2,15,0,1,0 2,15,0,1,0 2,15,0,1,0 2,15,0,1,0 2,15,0,1,0 2,15,0,1,0 2,15,0,1,0 2,15,0,1,0 2,15,0,1,0 2,15,0,15,0 
2,15,0,15,0 1,15,0,0,0 1,15,0,0,0 1,15,0,0,0 1,15,0,0,0 2,15,0,1,0 2,0,0,0,0 2,0,0,0,0 2,0,0,0,0 2,15,0,1,0 2,15,0,1,0 2,15,0,1,0 2,15,0,1,0 2,15,0,1,0 2,15,0,1,0 2,15,0,1,0 2,15,0,1,0 2,15,0,1,0 2,15,0,1,0 2,15,0,1,0 2,15,0,1,0 2,15,0,1,0 2,15,0,1,0 2,0,0,0,0 2,15,0,15,0 
2,15,0,15,0 1,15,0,0,0 1,15,0,0,0 1,15,0,0,0 1,15,0,0,0 2,15,0,1,0 2,15,0,1,0 2,15,0,1,0 2,15,0,1,0 2,15,0,1,0 2,15,0,1,0 2,15,0,1,0 2,15,0,1,0 2,15,0,1,0 2,15,0,1,0 2,15,0,1,0 2,15,0,1,0 2,15,0,1,0 2,15,0,1,0 2,15,0,1,0 2,15,0,1,0 2,15,0,1,0 2,15,0,1,0 2,15,0,1,0 2,15,0,15,0 
2,15,0,15,0 1,15,0,1,0 1,15,0,1,0 1,15,0,1,0 1,15,0,1,0 2,15,0,1,0 2,15,0,1,0 2,15,0,1,0 2,15,0,1,0 2,15,0,1,0 2,15,0,1,0 2,15,0,1,0 2,15,0,1,0 2,15,0,1,0 2,15,0,1,0 2,15,0,1,0 2,15,0,1,0 2,15,0,1,0 2,15,0,1,0 2,15,0,1,0 2,15,0,1,0 2,15,0,1,0 2,15,0,1,0 2,15,0,1,0 2,15,0,15,0 
2,15,0,15,0 1,15,0,1,0 1,15,0,1,0 1,15,0,1,0 1,15,0,1,0 2,15,0,1,0 2,15,0,1,0 2,15,0,1,0 2,15,0,1,0 2,15,0,1,0 2,15,0,1,0 2,15,0,1,0 2,15,0,1,0 2,15,0,1,0 2,15,0,1,0 2,15,0,1,0 2,15,0,1,0 2,15,0,1,0 2,15,0,1,0 2,15,0,1,0 2,15,0,1,0 2,15,0,1,0 2,15,0,1,0 2,15,0,1,0 2,15,0,15,0 
2,15,0,15,0 1,15,0,1,0 1,15,0,1,0 1,15,0,1,0 1,15,0,1,0 2,1,3,8,0 2,1,3,8,0 2,1,3,8,0 2,1,3,8,0 2,1,3,8,0 2,1,3,8,0 2,1,3,8,0 2,1,3,8,0 2,1,3,8,0 2,1,3,8,0 2,1,3,8,0 2,1,3,8,0 2,1,3,8,0 2,15,0,1,0 2,15,0,1,0 2,15,0,1,0 2,15,0,1,0 2,15,0,1,0 2,15,0,1,0 2,15,0,15,0 
2,15,0,15,0 2,15,0,15,0 2,15,0,15,0 2,15,0,15,0 2,15,0,15,0 2,15,0,15,0 2,15,0,15,0 2,15,0,15,0 2,15,0,15,0 2,15,0,15,0 2,15,0,15,0 2,15,0,15,0 2,15,0,15,0 2,15,0,15,0 2,15,0,15,0 2,15,0,15,0 2,15,0,15,0 2,15,0,15,0 2,15,0,15,0 2,15,0,15,0 2,15,0,15,0 2,15,0,15,0 2,15,0,15,0 2,15,0,15,0 2,15,0,15,0 
z
2,15,0,15,0 2,15,0,15,0 2,15,0,15,0 2,15,0,15,0 2,15,0,15,0 2,15,0,15,0 2,15,0,15,0 2,15,0,15,0 2,15,0,15,0 2,15,0,15,0 2,15,0,15,0 2,15,0,15,0 2,15,0,15,0 2,15,0,15,0 2,15,0,15,0 2,15,0,15,0 2,15,0,15,0 2,15,0,15,0 2,15,0,15,0 2,15,0,15,0 2,15,0,15,0 2,15,0,15,0 2,15,0,15,0 2,15,0,15,0 2,15,0,15,0 
2,15,0,15,0 2,15,0,1,0 2,15,0,1,0 2,15,0,1,0 1,3,0,1,0 1,3,0,1,0 1,3,0,1,0 1,3,0,15,0 1,3,0,15,0 1,3,0,15,0 1,3,0,15,0 1,3,0,15,0 1,3,0,15,0 1,3,0,15,0 1,3,0,15,0 1,3,0,15,0 1,3,0,15,0 1,3,0,15,0 1,3,0,1,0 1,3,0,1,0 1,3,0,1,0 1,3,0,1,0 1,3,0,1,0 1,3,0,1,0 2,15,0,15,0 
2,15,0,15,0 2,15,0,1,0 2,15,0,1,0 2,15,0,1,0 2,5,4,8,0 2,4,0,1,0 2,4,0,1,0 2,4,0,1,0 2,4,0,1,0 2,4,0,1,0 2,4,0,1,0 2,4,0,1,0 2,4,0,1,0 2,4,0,1,0 2,4,0,1,0 2,4,0,1,0 2,4,0,1,0 2,4,0,1,0 2,4,0,1,0 2,4,0,1,0 2,4,0,1,0 2,4,0,1,0 2,4,0,1,0 1,3,0,1,0 2,15,0,15,0 
2,15,0,15,0 2,15,0,1,0 2,15,0,1,0 2,15,0,1,0 1,15,0,1,0 1,15,0,1,0 1,15,0,1,0 1,15,0,1,0 1,15,0,1,0 1,15,0,1,0 1,15,0,15,0 1,15,0,15,0 1,15,0,15,0 1,15,0,15,0 1,15,0,15,0 1,15,0,15,0 1,15,0,15,0 1,15,0,1,0 1,15,0,1,0 1,15,0,1,0 1,15,0,1,0 1,15,0,1,0 2,4,0,1,0 1,3,0,1,0 2,15,0,15,0 
2,15,0,15,0 2,15,0,1,0 2,15,0,1,0 2,15,0,1,0 1,15,0,1,0 1,15,0,1,0 1,15,0,1,0 1,15,0,1,0 1,15,0,1,0 1,15,0,1,0 1,15,0,1,0 1,15,0,1,0 1,15,0,1,0 1,15,0,1,0 1,15,0,1,0 1,15,0,1,0 1,15,0,1,0 1,15,0,1,0 1,15,0,15,0 1,15,0,1,0 1,15,0,15,0 1,15,0,1,0 6,10,0,1,0 1,3,0,1,0 2,15,0,15,0 
2,15,0,15,0 2,15,0,1,0 2,15,0,15,0 2,15,0,15,0 1,15,0,15,0 1,15,0,1,0 1,15,0,1,0 1,15,0,1,0 1,15,0,1,0 1,15,0,1,0 1,15,0,1,0 1,15,0,1,0 1,15,0,1,0 1,15,0,1,0 1,15,0,1,0 1,15,0,1,0 1,15,0,1,0 1,15,0,1,0 1,15,0,15,0 1,15,0,1,0 1,15,0,15,0 1,15,0,1,0 6,10,0,1,0 1,3,0,1,0 2,15,0,15,0 
2,15,0,15,0 2,15,0,1,0 2,15,0,15,0 2,15,0,15,0 2,15,0,15,0 2,15,0,1,0 2,15,0,1,0 2,15,0,1,0 2,15,0,1,0 2,15,0,1,0 2,15,0,15,0 2,15,0,1,0 2,15,0,15,0 2,15,0,1,0 2,15,0,1,0 1,15,0,1,0 1,15,0,1,0 1,15,0,1,0 1,15,0,15,0 1,15,0,1,0 1,15,0,15,0 1,15,0,1,0 2,4,0,1,0 1,3,0,1,0 2,15,0,15,0 
2,15,0,15,0 2,15,0,15,0 2,15,0,15,0 2,15,0,15,0 2,15,0,15,0 2,15,0,1,0 2,15,0,1,0 2,15,0,15,0 2,15,0,15,0 2,15,0,15,0 2,15,0,1,0 2,15,0,1,0 2,15,0,1,0 2,15,0,1,0 2,15,0,15,0 1,15,0,1,0 1,15,0,15,0 1,15,0,1,0 1,15,0,1,0 1,15,0,1,0 1,15,0,1,0 1,15,0,1,0 2,4,0,1,0 1,3,0,1,0 2,15,0,15,0 
2,15,0,15,0 2,15,0,15,0 2,15,0,15,0 2,15,0,15,0 2,15,0,1,0 2,15,0,15,0 2,15,0,1,0 2,15,0,1,0 2,15,0,1,0 2,15,0,15,0 2,15,0,1,0 2,15,0,1,0 2,15,0,1,0 2,15,0,1,0 2,15,0,15,0 1,15,0,1,0 1,15,0,15,0 1,15,0,1,0 1,15,0,1,0 1,15,0,1,0 1,15,0,1,0 1,15,0,1,0 2,4,0,1,0 1,3,0,1,0 2,15,0,15,0 
2,15,0,15,0 2,15,0,15,0 2,15,0,15,0 2,15,0,1,0 2,15,0,1,0 2,15,0,1,0 2,0,0,0,0 2,15,0,1,0 2,15,0,1,0 2,15,0,1,0 2,15,0,1,0 2,15,0,1,0 2,15,0,1,0 2,15,0,1,0 2,15,0,1,0 1,15,0,1,0 1,15,0,1,0 1,15,0,1,0 1,15,0,1,0 1,15,0,1,0 1,15,0,1,0 1,15,0,1,0 6,10,0,1,0 1,3,0,1,0 2,15,0,15,0 
2,15,0,15,0 2,15,0,1,0 2,15,0,1,0 2,15,0,15,0 2,15,0,1,0 2,0,0,0,0 2,15,0,1,0 2,15,0,1,0 2,15,0,15,0 2,15,0,1,0 2,15,0,1,0 2,15,0,1,0 2,15,0,1,0 2,15,0,1,0 2,15,0,1,0 1,15,0,1,0 1,15,0,1,0 1,15,0,1,0 1,15,0,1,0 1,15,0,1,0 1,15,0,1,0 1,15,0,1,0 6,10,0,1,0 1,3,0,1,0 2,15,0,15,0 
2,15,0,15,0 2,15,0,15,0 2,15,0,1,0 2,15,0,1,0 2,15,0,1,0 2,15,0,1,0 2,15,0,1,0 2,15,0,1,0 2,15,0,1,0 2,15,0,1,0 2,15,0,1,0 2,15,0,1,0 2,15,0,1,0 2,15,0,1,0 2,15,0,1,0 1,15,0,1,0 1,15,0,1,0 1,15,0,15,0 1,15,0,1,0 1,15,0,1,0 1,15,0,1,0 1,15,0,1,0 2,15,0,1,0 1,3,0,1,0 2,15,0,15,0 
2,15,0,15,0 2,15,0,15,0 2,15,0,1,0 2,15,0,1,0 2,15,0,1,0 2,15,0,1,0 2,15,0,1,0 2,15,0,1,0 2,15,0,1,0 2,15,0,1,0 2,15,0,1,0 2,15,0,1,0 2,15,0,1,0 2,15,0,1,0 2,15,0,1,0 1,15,0,1,0 1,15,0,15,0 1,15,0,15,0 1,15,0,15,0 1,15,0,1,0 1,15,0,1,0 1,15,0,1,0 2,15,0,1,0 1,3,0,1,0 2,15,0,15,0 
2,15,0,15,0 2,15,0,1,0 2,15,0,1,0 2,15,0,1,0 2,15,0,1,0 2,15,0,15,0 2,15,0,1,0 2,15,0,1,0 2,15,0,1,0 2,15,0,1,0 2,15,0,15,0 2,15,0,1,0 2,15,0,1,0 2,15,0,1,0 2,15,0,1,0 1,15,0,1,0 1,15,0,15,0 1,15,0,1,0 1,15,0,1,0 1,15,0,1,0 1,15,0,1,0 1,15,0,1,0 2,15,0,1,0 1,3,0,1,0 2,15,0,15,0 
2,15,0,15,0 2,15,0,15,0 2,15,0,15,0 2,15,0,15,0 2,15,0,1,0 2,15,0,1,0 2,15,0,1,0 2,15,0,1,0 2,15,0,1,0 2,15,0,15,0 2,15,0,1,0 2,15,0,15,0 2,15,0,15,0 2,15,0,1,0 2,15,0,1,0 1,15,0,1,0 1,15,0,1,0 1,15,0,1,0 1,15,0,15,0 1,15,0,1,0 1,15,0,1,0 1,15,0,1,0 6,10,0,1,0 1,3,0,15,0 2,15,0,15,0 
2,15,0,15,0 2,15,0,15,0 2,15,0,1,0 2,15,0,1,0 2,15,0,1,0 2,15,0,1,0 2,15,0,1,0 2,15,0,15,0 2,15,0,15,0 2,15,0,1,0 2,15,0,15,0 2,15,0,15,0 2,15,0,1,0 2,15,0,1,0 2,15,0,1,0 1,15,0,1,0 1,15,0,1,0 1,15,0,1,0 1,15,0,15,0 1,15,0,1,0 1,15,0,15,0 1,15,0,15,0 6,10,0,1,0 1,3,0,1,0 2,15,0,15,0 
2,15,0,15,0 2,15,0,1,0 2,15,0,15,0 2,15,0,1,0 2,15,0,1,0 2,15,0,1,0 2,15,0,1,0 2,15,0,1,0 2,15,0,1,0 2,15,0,15,0 2,15,0,1,0 2,15,0,15,0 2,15,0,1,0 2,15,0,1,0 2,15,0,1,0 1,15,0,1,0 1,15,0,1,0 1,15,0,1,0 1,15,0,1,0 1,15,0,1,0 1,15,0,1,0 1,15,0,1,0 2,4,0,1,0 1,3,0,1,0 2,15,0,15,0 
2,15,0,15,0 2,0,0,0,0 2,15,0,1,0 2,15,0,1,0 2,15,0,1,0 2,0,0,0,0 2,15,0,1,0 2,15,0,1,0 2,15,0,1,0 2,15,0,1,0 2,0,0,0,0 2,15,0,1,0 2,15,0,1,0 2,15,0,1,0 2,15,0,1,0 2,15,2,1,0 2,15,2,1,0 2,15,2,1,0 2,15,2,1,0 2,15,2,1,0 2,15,2,1,0 2,15,2,1,0 2,4,0,1,0 1,3,0,1,0 2,15,0,15,0 
2,15,0,15,0 2,15,0,1,0 2,15,0,1,0 2,15,0,1,0 2,15,0,1,0 2,15,0,1,0 2,15,0,1,0 2,15,0,1,0 2,15,0,1,0 2,0,0,0,0 2,15,0,1,0 2,15,0,1,0 2,15,0,1,0 2,15,0,1,0 2,15,0,1,0 2,15,2,1,0 2,15,2,1,0 2,15,2,1,0 2,15,2,1,0 2,15,2,1,0 2,15,2,1,0 2,15,2,1,0 2,4,0,1,0 1,3,0,1,0 2,15,0,15,0 
2,15,0,15,0 2,0,0,0,0 2,15,0,1,0 2,15,0,1,0 2,15,0,1,0 2,15,0,1,0 2,15,0,1,0 2,15,0,1,0 2,0,0,0,0 2,15,0,1,0 2,15,0,1,0 2,0,0,0,0 2,0,0,0,0 2,15,0,1,0 2,15,0,1,0 2,15,2,1,0 2,15,2,1,0 2,15,2,1,0 2,15,2,1,0 2,15,2,1,0 2,15,2,1,0 2,15,2,1,0 2,4,0,1,0 1,3,0,1,0 2,15,0,15,0 
2,15,0,15,0 2,15,0,1,0 2,15,0,1,0 2,15,0,1,0 2,15,0,1,0 2,15,0,1,0 2,15,0,1,0 2,15,0,1,0 2,15,0,1,0 2,15,0,1,0 2,15,0,1,0 2,15,0,1,0 2,15,0,1,0 2,15,0,1,0 2,15,0,1,0 2,15,0,1,0 2,15,0,1,0 2,15,0,1,0 2,5,0,1,0 6,10,0,1,0 6,10,0,1,0 6,10,0,1,0 2,4,0,1,0 1,3,0,1,0 2,15,0,15,0 
2,15,0,15,0 2,15,0,1,0 2,15,0,1,0 2,15,0,1,0 2,15,0,1,0 2,15,0,1,0 2,15,0,1,0 2,15,0,1,0 2,15,0,1,0 2,15,0,1,0 2,15,0,1,0 2,15,0,1,0 2,15,0,1,0 2,15,0,1,0 2,15,0,1,0 2,15,0,1,0 2,5,0,1,0 2,5,0,1,0 2,5,0,1,0 1,3,0,1,0 1,3,0,1,0 1,3,0,1,0 1,3,0,1,0 1,3,0,1,0 2,15,0,15,0 
2,15,0,15,0 2,15,0,1,0 2,15,0,1,0 2,15,0,1,0 2,15,0,1,0 2,15,0,1,0 2,15,0,1,0 2,15,0,1,0 2,15,0,1,0 2,15,0,1,0 2,15,0,1,0 2,15,0,1,0 2,15,0,1,0 2,15,0,1,0 2,15,0,1,0 2,15,0,1,0 2,5,0,1,0 2,5,0,1,0 2,5,0,1,0 1,3,0,1,0 1,3,0,1,0 1,3,0,1,0 1,3,0,1,0 1,3,0,1,0 2,15,0,15,0 
2,15,0,15,0 2,15,0,1,0 2,15,0,1,0 2,15,0,1,0 2,15,0,1,0 2,15,0,1,0 2,15,0,1,0 2,15,0,1,0 2,15,0,1,0 2,15,0,1,0 2,15,0,1,0 2,15,0,1,0 2,15,0,1,0 2,15,0,1,0 2,15,0,1,0 2,15,0,1,0 2,5,0,1,0 1,3,0,1,0 1,3,0,1,0 1,3,0,1,0 1,3,0,1,0 1,3,0,1,0 1,3,0,1,0 1,3,0,1,0 2,15,0,15,0 
2,15,0,15,0 2,15,0,15,0 2,15,0,15,0 2,15,0,15,0 2,15,0,15,0 2,15,0,15,0 2,15,0,15,0 2,15,0,15,0 2,15,0,15,0 2,15,0,15,0 2,15,0,15,0 2,15,0,15,0 2,15,0,15,0 2,15,0,15,0 2,15,0,15,0 2,15,0,15,0 2,15,0,15,0 2,15,0,15,0 2,15,0,15,0 2,15,0,15,0 2,15,0,15,0 2,15,0,15,0 2,15,0,15,0 2,15,0,15,0 2,15,0,15,0 
z
2,15,0,15,0 2,15,0,15,0 2,15,0,15,0 2,15,0,15,0 2,15,0,15,0 2,15,0,15,0 2,15,0,15,0 2,15,0,15,0 2,15,0,15,0 2,15,0,15,0 2,15,0,15,0 2,15,0,15,0 2,15,0,15,0 2,15,0,15,0 2,15,0,15,0 2,15,0,15,0 2,15,0,15,0 2,15,0,15,0 2,15,0,15,0 2,15,0,15,0 2,15,0,15,0 2,15,0,15,0 2,15,0,15,0 2,15,0,15,0 2,15,0,15,0 
2,15,0,15,0 2,15,0,15,0 2,15,0,1,0 2,15,0,1,0 2,15,0,1,0 2,15,0,15,0 2,15,0,15,0 2,15,0,15,0 2,15,0,15,0 2,15,0,15,0 2,15,0,15,0 2,15,0,15,0 2,15,0,15,0 2,15,0,15,0 2,15,0,15,0 2,15,0,15,0 2,15,0,15,0 2,15,0,15,0 2,15,0,15,0 2,15,0,15,0 2,15,0,15,0 2,15,0,15,0 2,15,0,15,0 2,15,0,15,0 2,15,0,15,0 
2,15,0,15,0 2,15,0,1,0 2,15,0,1,0 2,15,0,1,0 1,15,0,1,0 2,15,0,15,0 2,15,0,15,0 2,15,0,15,0 2,15,0,15,0 2,15,0,15,0 2,15,0,15,0 2,15,0,15,0 2,15,0,15,0 2,15,0,15,0 2,15,0,15,0 2,15,0,15,0 2,15,0,15,0 2,15,0,15,0 2,15,0,15,0 2,15,0,15,0 2,15,0,15,0 2,15,0,15,0 2,15,0,1,0 2,15,0,1,0 2,15,0,15,0 
2,15,0,15,0 2,15,0,15,0 2,15,0,1,0 2,15,0,1,0 1,15,0,1,0 1,15,0,1,0 1,15,0,15,0 1,15,0,15,0 1,15,0,15,0 1,15,0,1,0 1,15,0,1,0 1,15,0,15,0 1,15,0,15,0 1,15,0,15,0 1,15,0,15,0 1,15,0,15,0 1,15,0,15,0 1,15,0,15,0 1,15,0,15,0 1,15,0,15,0 1,15,0,15,0 1,15,0,15,0 2,15,0,1,0 2,15,0,1,0 2,15,0,15,0 
2,15,0,15,0 2,15,0,15,0 2,15,0,1,0 2,15,0,1,0 1,15,0,1,0 1,15,0,15,0 1,15,0,15,0 1,15,0,15,0 1,15,0,1,0 1,15,0,1,0 1,15,0,1,0 1,15,0,1,0 1,15,0,1,0 1,15,0,1,0 1,15,0,1,0 1,15,0,1,0 1,15,0,1,0 1,15,0,1,0 1,15,0,1,0 1,15,0,1,0 1,15,0,15,0 1,15,0,1,0 2,15,0,1,0 2,15,0,1,0 2,15,0,15,0 
2,15,0,15,0 2,15,0,15,0 2,15,0,15,0 2,15,0,15,0 1,15,0,15,0 1,15,0,15,0 1,15,0,15,0 1,15,0,15,0 1,15,0,1,0 1,15,0,1,0 1,15,0,1,0 1,15,0,15,0 1,15,0,15,0 1,15,0,15,0 1,15,0,15,0 1,15,0,1,0 1,15,0,1,0 1,15,0,1,0 1,15,0,1,0 1,15,0,1,0 1,15,0,1,0 1,15,0,15,0 2,15,0,1,0 2,15,0,1,0 2,15,0,15,0 
2,15,0,15,0 2,15,0,15,0 2,15,0,15,0 2,15,0,15,0 2,15,0,15,0 2,15,0,15,0 2,15,0,15,0 2,15,0,15,0 2,15,0,15,0 2,15,0,15,0 2,15,0,15,0 2,15,0,15,0 2,15,0,15,0 2,15,0,15,0 2,15,0,15,0 1,15,0,15,0 2,15,2,4,0 1,15,0,15,0 1,15,0,1,0 1,15,0,1,0 2,15,2,4,0 1,15,0,1,0 2,15,0,1,0 2,15,0,1,0 2,15,0,15,0 
2,15,0,15,0 2,15,0,15,0 2,15,0,15,0 2,15,0,15,0 2,15,0,15,0 2,15,0,15,0 2,15,0,15,0 2,15,0,15,0 2,15,0,15,0 2,15,0,15,0 2,15,0,15,0 2,15,0,15,0 2,15,0,15,0 2,15,0,15,0 2,15,0,15,0 2,15,2,4,0 2,15,2,8,0 2,15,2,4,0 1,15,0,1,0 2,15,2,4,0 2,15,2,8,0 2,15,2,4,0 2,15,0,1,0 2,15,0,1,0 2,15,0,15,0 
2,15,0,15,0 2,15,0,15,0 2,15,0,15,0 2,15,0,15,0 2,15,0,15,0 2,15,0,15,0 2,15,0,15,0 2,15,0,15,0 2,15,0,15,0 2,15,0,15,0 2,15,0,15,0 2,15,0,15,0 2,15,0,15,0 2,15,0,15,0 2,15,0,15,0 1,15,0,1,0 2,15,2,4,0 1,15,0,1,0 1,15,0,1,0 1,15,0,1,0 2,15,2,4,0 1,15,0,1,0 2,15,0,1,0 2,15,0,1,0 2,15,0,15,0 
2,15,0,15,0 2,15,0,15,0 2,15,0,15,0 2,15,0,15,0 2,15,0,15,0 2,15,0,15,0 2,15,0,15,0 2,15,0,15,0 2,15,0,15,0 2,15,0,15,0 2,15,0,15,0 2,15,0,15,0 2,15,0,15,0 2,15,0,15,0 2,15,0,1,0 1,15,0,1,0 1,15,0,1,0 1,15,0,1,0 1,15,0,1,0 1,15,0,1,0 1,15,0,1,0 1,15,0,1,0 2,15,0,1,0 2,15,0,1,0 2,15,0,15,0 
2,15,0,15,0 2,15,0,15,0 2,15,0,15,0 2,15,0,15,0 2,15,0,15,0 2,15,0,15,0 2,15,0,15,0 2,15,0,15,0 2,15,0,15,0 2,15,0,15,0 2,15,0,15,0 2,15,0,15,0 2,15,0,15,0 2,15,0,15,0 2,15,0,15,0 1,15,0,1,0 2,15,2,4,0 1,15,0,15,0 1,15,0,15,0 1,15,0,15,0 2,15,2,4,0 1,15,0,15,0 2,15,0,1,0 2,15,0,1,0 2,15,0,15,0 
2,15,0,15,0 2,15,0,15,0 2,15,0,15,0 2,15,0,15,0 2,15,0,15,0 2,15,0,15,0 2,15,0,15,0 2,15,0,15,0 2,15,0,15,0 2,15,0,15,0 2,15,0,15,0 2,15,0,15,0 2,15,0,15,0 2,15,0,15,0 2,15,0,15,0 2,15,2,4,0 2,15,2,8,0 2,15,2,4,0 1,15,0,15,0 2,15,2,4,0 2,15,2,8,0 2,15,2,4,0 2,15,0,1,0 2,15,0,1,0 2,15,0,15,0 
2,15,0,15,0 2,15,0,15,0 2,15,0,15,0 2,15,0,15,0 2,15,0,15,0 2,15,0,15,0 2,15,0,15,0 2,15,0,15,0 2,15,0,15,0 2,15,0,15,0 2,15,0,15,0 2,15,0,15,0 2,15,0,15,0 2,15,0,15,0 2,15,0,15,0 1,15,0,1,0 2,15,2,4,0 1,15,0,15,0 1,15,0,15,0 1,15,0,15,0 2,15,2,4,0 1,15,0,15,0 2,15,0,1,0 2,15,0,1,0 2,15,0,15,0 
2,15,0,15,0 2,15,0,15,0 2,15,0,15,0 2,15,0,15,0 2,15,0,1,0 2,15,0,15,0 2,15,0,15,0 2,15,0,15,0 2,15,0,15,0 2,15,0,15,0 2,15,0,15,0 2,15,0,15,0 2,15,0,1,0 2,15,0,15,0 2,15,0,15,0 1,15,0,1,0 1,15,0,1,0 1,15,0,15,0 1,15,0,15,0 1,15,0,15,0 1,15,0,15,0 1,15,0,15,0 2,15,0,1,0 2,15,0,1,0 2,15,0,15,0 
2,15,0,15,0 2,15,0,15,0 2,15,0,15,0 2,15,0,15,0 2,15,0,1,0 2,15,0,1,0 2,15,0,1,0 2,15,0,1,0 2,15,0,1,0 2,15,0,1,0 2,15,0,1,0 2,15,0,1,0 2,15,0,1,0 2,15,0,1,0 2,15,0,1,0 1,15,0,1,0 1,15,0,1,0 1,15,0,15,0 1,15,0,15,0 1,15,0,15,0 1,15,0,1,0 1,15,0,15,0 2,15,0,1,0 2,15,0,1,0 2,15,0,15,0 
2,15,0,15,0 2,15,0,15,0 2,15,0,15,0 2,15,0,15,0 2,15,0,1,0 2,15,0,1,0 2,15,0,1,0 2,15,0,1,0 2,15,0,1,0 2,15,0,1,0 2,15,0,1,0 2,15,0,1,0 2,15,0,1,0 2,15,0,1,0 2,15,0,1,0 1,15,0,1,0 1,15,0,1,0 1,15,0,15,0 1,15,0,1,0 1,15,0,1,0 1,15,0,1,0 1,15,0,15,0 2,15,0,1,0 2,15,0,1,0 2,15,0,15,0 
2,15,0,15,0 2,15,0,15,0 2,15,0,15,0 2,15,0,1,0 2,15,0,1,0 2,15,0,15,0 2,15,0,1,0 2,15,0,1,0 2,15,0,1,0 2,15,0,15,0 2,15,0,15,0 2,15,0,1,0 2,15,0,15,0 2,15,0,1,0 2,15,0,1,0 2,15,0,1,0 2,15,0,1,0 2,15,0,1,0 5,15,5,15,0 2,15,0,1,0 2,15,0,1,0 2,15,0,1,0 2,15,0,1,0 2,5,0,1,0 2,15,0,15,0 
2,15,0,15,0 2,15,0,15,0 2,15,0,15,0 2,15,0,1,0 2,15,0,1,0 2,15,0,1,0 2,15,0,1,0 2,15,0,15,0 2,15,0,15,0 2,15,0,1,0 2,15,0,1,0 2,15,0,1,0 2,15,0,1,0 2,15,0,1,0 2,15,0,1,0 1,15,0,1,0 1,15,0,1,0 1,15,0,15,0 1,15,0,1,0 1,15,0,15,0 1,15,0,15,0 1,15,0,15,0 2,15,0,1,0 2,5,0,1,0 2,15,0,15,0 
2,15,0,15,0 2,15,0,1,0 2,15,0,1,0 2,15,0,1,0 2,15,0,1,0 2,15,0,1,0 2,15,0,1,0 2,15,0,15,0 2,15,0,15,0 2,15,0,1,0 2,15,0,1,0 2,15,0,1,0 2,15,0,1,0 2,15,0,1,0 4,15,0,1,0 1,15,0,1,0 1,15,0,1,0 1,15,0,15,0 1,15,0,1,0 1,15,0,15,0 1,15,0,15,0 1,15,0,1,0 2,15,0,1,0 2,5,0,1,0 2,15,0,15,0 
2,15,0,15,0 2,15,0,1,0 2,15,0,1,0 2,15,0,1,0 2,15,0,1,0 2,15,0,1,0 2,15,0,15,0 2,15,0,15,0 2,15,0,15,0 2,15,0,1,0 2,15,0,1,0 2,15,0,1,0 2,15,0,1,0 2,15,0,1,0 2,15,0,1,0 1,15,0,1,0 1,15,0,1,0 1,15,0,15,0 1,15,0,1,0 1,15,0,15,0 1,15,0,15,0 1,15,0,1,0 2,15,0,1,0 2,5,0,1,0 2,15,0,15,0 
2,15,0,15,0 2,15,0,1,0 2,15,0,1,0 2,15,0,1,0 2,15,0,1,0 2,15,0,15,0 2,15,0,1,0 2,15,0,1,0 2,15,0,1,0 2,15,0,1,0 2,15,0,1,0 2,15,0,1,0 2,15,0,15,0 2,15,0,15,0 2,15,0,1,0 2,15,0,1,0 2,15,0,1,0 2,15,0,1,0 2,15,0,1,0 2,15,0,1,0 2,15,0,1,0 2,15,0,1,0 2,15,0,1,0 2,15,0,1,0 2,15,0,15,0 
2,15,0,15,0 2,15,0,1,0 2,15,0,1,0 2,15,0,15,0 2,15,0,1,0 2,15,0,1,0 2,15,0,1,0 2,15,0,1,0 2,15,0,1,0 2,15,0,1,0 2,15,0,1,0 2,15,0,1,0 2,15,0,1,0 2,15,0,15,0 2,15,0,1,0 2,15,0,1,0 2,15,0,1,0 2,15,0,1,0 2,15,0,1,0 2,15,0,1,0 2,15,0,1,0 2,15,0,1,0 2,15,0,1,0 2,15,0,1,0 2,15,0,15,0 
2,15,0,15,0 2,15,0,1,0 2,15,0,15,0 2,15,0,15,0 2,15,0,15,0 2,15,0,15,0 2,15,0,15,0 2,15,0,15,0 2,15,0,15,0 2,15,0,15,0 2,15,0,15,0 2,15,0,15,0 2,15,0,1,0 2,15,0,1,0 2,15,0,1,0 2,15,0,1,0 2,15,0,1,0 2,15,0,1,0 2,15,0,1,0 2,15,0,1,0 2,15,0,1,0 2,15,0,1,0 2,15,0,1,0 2,15,0,1,0 2,15,0,15,0 
2,15,0,15,0 2,15,0,1,0 2,15,0,1,0 2,15,0,1,0 2,15,0,15,0 2,15,0,1,0 2,15,0,15,0 2,15,0,1,0 2,15,0,1,0 2,15,0,1,0 2,15,0,1,0 2,15,0,1,0 2,15,0,1,0 2,15,0,1,0 2,15,0,1,0 2,15,0,1,0 2,15,0,1,0 2,15,0,15,0 2,15,0,1,0 2,15,0,1,0 2,15,0,1,0 2,15,0,1,0 2,15,0,1,0 2,15,0,1,0 2,15,0,15,0 
2,15,0,15,0 2,15,0,15,0 2,15,0,15,0 2,15,0,15,0 2,15,0,15,0 2,15,0,15,0 2,15,0,15,0 2,15,0,15,0 2,15,0,15,0 2,15,0,15,0 2,15,0,15,0 2,15,0,15,0 2,15,0,15,0 2,15,0,15,0 2,15,0,15,0 2,15,0,15,0 2,15,0,15,0 2,15,0,15,0 2,15,0,15,0 2,15,0,15,0 2,15,0,15,0 2,15,0,15,0 2,15,0,15,0 2,15,0,15,0 2,15,0,15,0 
z
2,15,0,15,0 2,15,0,15,0 2,15,0,15,0 2,15,0,15,0 2,15,0,15,0 2,15,0,15,0 2,15,0,15,0 2,15,0,15,0 2,15,0,15,0 2,15,0,15,0 2,15,0,15,0 2,15,0,15,0 2,15,0,15,0 2,15,0,15,0 2,15,0,15,0 2,15,0,15,0 2,15,0,15,0 2,15,0,15,0 2,15,0,15,0 2,15,0,15,0 2,15,0,15,0 2,15,0,15,0 2,15,0,15,0 2,15,0,15,0 2,15,0,15,0 
2,15,0,15,0 2,15,0,1,0 2,15,0,1,0 2,15,0,1,0 2,15,0,1,0 2,15,0,1,0 2,15,0,1,0 2,15,0,1,0 2,15,0,1,0 2,15,0,1,0 2,15,0,1,0 2,15,0,1,0 2,15,0,1,0 2,15,0,1,0 2,15,0,1,0 2,15,0,1,0 2,15,0,1,0 2,15,0,1,0 2,15,0,1,0 2,15,0,1,0 2,15,0,1,0 2,15,0,1,0 2,15,0,1,0 2,15,0,1,0 2,15,0,15,0 
2,15,0,15,0 2,0,0,0,0 2,15,0,1,0 2,15,0,1,0 2,15,0,1,0 2,15,0,1,0 2,15,0,1,0 2,0,0,0,0 2,15,0,1,0 2,15,0,1,0 2,0,0,0,0 2,15,0,1,0 2,0,0,0,0 2,15,0,1,0 2,15,0,1,0 2,15,0,1,0 2,15,0,1,0 2,15,0,1,0 2,15,0,1,0 2,15,0,1,0 2,15,0,1,0 2,15,0,1,0 2,15,0,1,0 2,0,0,0,0 2,15,0,15,0 
2,15,0,15,0 2,0,0,0,0 2,15,0,1,0 2,15,0,1,0 2,15,0,1,0 2,15,0,1,0 2,0,0,0,0 2,15,0,1,0 2,15,0,1,0 2,15,0,1,0 2,15,0,1,0 2,15,0,1,0 2,15,0,1,0 2,15,0,1,0 2,15,0,1,0 2,15,0,1,0 2,15,0,1,0 2,15,0,1,0 2,15,0,1,0 2,15,0,1,0 2,0,0,0,0 2,15,0,1,0 2,0,0,0,0 2,0,0,0,0 2,15,0,15,0 
2,15,0,15,0 2,0,0,0,0 2,15,0,1,0 2,15,0,1,0 2,15,0,1,0 2,15,0,1,0 2,15,0,1,0 2,15,0,1,0 2,15,0,1,0 2,15,0,1,0 2,15,0,1,0 2,15,0,1,0 2,15,0,1,0 2,15,0,1,0 2,15,0,1,0 2,15,0,1,0 2,15,0,1,0 2,15,0,1,0 2,15,0,1,0 2,15,0,1,0 2,15,0,1,0 2,15,0,1,0 2,15,0,1,0 2,0,0,0,0 2,15,0,15,0 
2,15,0,15,0 2,15,0,1,0 2,15,0,1,0 2,15,0,1,0 2,15,0,1,0 2,15,0,1,0 2,15,0,1,0 2,15,0,1,0 2,15,0,1,0 2,0,0,0,0 2,15,0,1,0 2,15,0,1,0 2,15,0,1,0 2,15,0,1,0 2,15,0,1,0 2,15,0,1,0 2,15,0,1,0 2,15,0,1,0 2,15,0,1,0 2,15,0,1,0 2,15,0,1,0 2,15,0,1,0 2,15,0,1,0 2,15,0,1,0 2,15,0,15,0 
2,15,0,15,0 2,0,0,0,0 2,0,0,0,0 2,15,0,1,0 2,15,0,1,0 2,15,0,1,0 2,15,0,1,0 2,0,0,0,0 2,0,0,0,0 2,15,0,1,0 2,15,0,1,0 2,15,0,1,0 2,15,0,1,0 2,15,0,1,0 2,15,0,1,0 2,15,0,1,0 2,15,0,1,0 2,15,0,1,0 2,15,0,1,0 2,15,0,1,0 2,15,0,1,0 2,15,0,1,0 2,15,0,1,0 2,15,0,1,0 2,15,0,15,0 
2,15,0,15,0 2,0,0,0,0 2,0,0,0,0 2,0,0,0,0 2,15,0,1,0 2,15,0,1,0 2,0,0,0,0 2,0,0,0,0 2,15,0,1,0 2,15,0,1,0 2,15,0,1,0 2,15,0,1,0 2,15,0,1,0 2,15,0,1,0 2,15,0,1,0 2,15,0,1,0 2,15,0,1,0 2,15,0,1,0 2,15,0,1,0 2,15,0,1,0 2,15,0,1,0 2,15,0,1,0 2,15,0,1,0 2,15,0,1,0 2,15,0,15,0 
2,15,0,15,0 0,15,0,1,0 1,15,0,0,0 1,15,0,1,0 1,15,0,0,0 1,15,0,1,0 2,0,0,0,0 2,0,0,0,0 1,15,0,1,0 1,15,0,1,0 1,15,0,1,0 1,15,0,1,0 1,15,0,1,0 2,15,0,1,0 2,15,0,1,0 2,15,0,1,0 2,15,0,1,0 2,15,0,1,0 2,15,0,1,0 2,15,0,1,0 2,15,0,1,0 2,0,0,0,0 2,15,0,1,0 2,15,0,1,0 2,15,0,15,0 
2,15,0,15,0 0,15,0,1,0 1,15,0,1,0 1,15,0,0,0 1,15,0,1,0 1,15,0,0,0 2,0,0,0,0 2,15,0,1,0 1,15,0,1,0 2,15,0,1,0 2,15,0,1,0 2,15,0,1,0 1,15,0,1,0 2,15,0,1,0 2,15,0,1,0 2,15,0,1,0 2,15,0,1,0 2,15,0,1,0 2,15,0,1,0 2,15,0,1,0 2,15,0,1,0 2,15,0,1,0 2,15,0,1,0 2,15,0,1,0 2,15,0,15,0 
2,15,0,15,0 0,15,0,1,0 1,15,0,0,0 1,15,0,0,0 1,15,0,1,0 1,15,0,1,0 2,15,0,1,0 2,0,0,0,0 1,15,0,1,0 2,15,2,5,0 2,15,0,1,0 2,15,2,5,0 1,15,0,1,0 2,15,0,1,0 2,15,0,1,0 2,15,0,1,0 2,15,0,1,0 2,15,0,1,0 2,15,0,1,0 2,15,0,1,0 2,15,0,1,0 2,15,0,1,0 2,15,0,1,0 2,15,0,1,0 2,15,0,15,0 
2,15,0,15,0 2,15,0,1,0 2,0,0,0,0 1,15,0,0,0 1,15,0,0,0 1,15,0,1,0 2,0,0,0,0 2,15,0,1,0 1,15,0,0,0 2,15,0,1,0 2,15,0,1,0 2,15,0,1,0 1,15,0,1,0 2,15,0,1,0 2,15,0,1,0 2,15,0,1,0 2,15,0,1,0 2,15,0,1,0 2,15,0,1,0 2,15,0,1,0 2,15,0,1,0 2,15,0,1,0 2,15,0,1,0 2,15,0,1,0 2,15,0,15,0 
2,15,0,15,0 2,0,0,0,0 2,0,0,0,0 1,15,0,1,0 1,15,0,1,0 1,15,0,0,0 2,0,0,0,0 2,0,0,0,0 1,15,0,0,0 2,15,2,5,0 2,15,0,1,0 2,15,2,5,0 1,15,0,1,0 2,15,0,1,0 2,15,0,1,0 2,15,0,1,0 2,15,0,1,0 2,15,0,1,0 2,15,0,1,0 2,15,0,1,0 2,15,0,1,0 2,15,0,1,0 2,15,0,1,0 2,15,0,1,0 2,15,0,15,0 
2,15,0,15,0 2,0,0,0,0 2,15,0,1,0 1,15,0,1,0 1,15,0,0,0 1,15,0,0,0 2,0,0,0,0 2,0,0,0,0 1,15,0,1,0 2,15,0,1,0 2,15,0,1,0 2,15,0,1,0 1,15,0,1,0 2,15,0,1,0 2,15,0,1,0 2,15,0,1,0 2,15,0,1,0 2,15,0,1,0 2,15,0,1,0 2,15,0,1,0 2,15,0,1,0 2,15,0,1,0 2,15,0,1,0 2,15,0,1,0 2,15,0,15,0 
2,15,0,15,0 2,0,0,0,0 2,0,0,0,0 1,15,0,0,0 1,15,0,0,0 1,15,0,1,0 2,15,0,1,0 2,15,0,1,0 1,15,0,0,0 2,15,0,1,0 2,15,0,1,0 2,15,0,1,0 1,15,0,1,0 2,15,0,1,0 2,15,0,1,0 2,15,0,1,0 2,15,0,1,0 2,15,0,1,0 2,15,0,1,0 2,15,0,1,0 2,15,0,1,0 2,15,0,1,0 2,15,0,1,0 2,15,0,1,0 2,15,0,15,0 
2,15,0,15,0 2,15,0,1,0 2,15,0,1,0 1,15,0,1,0 1,15,0,1,0 1,15,0,1,0 2,0,0,0,0 2,0,0,0,0 1,15,0,1,0 1,15,0,1,0 1,15,0,0,0 1,15,0,1,0 1,15,0,1,0 2,15,0,1,0 2,15,0,1,0 2,15,0,1,0 2,15,0,1,0 2,15,0,1,0 2,15,0,1,0 2,15,0,1,0 2,15,0,1,0 2,15,0,1,0 2,15,0,1,0 2,15,0,1,0 2,15,0,15,0 
2,15,0,15,0 2,0,0,0,0 2,0,0,0,0 1,15,0,1,0 1,15,0,1,0 1,15,0,1,0 2,15,0,1,0 2,15,0,1,0 2,15,0,1,0 2,15,0,1,0 1,15,0,0,0 2,15,0,1,0 2,15,0,1,0 2,15,0,1,0 2,15,0,1,0 2,15,0,1,0 2,15,0,1,0 2,15,0,1,0 2,15,0,1,0 2,15,0,1,0 2,15,0,1,0 2,15,0,1,0 2,15,0,1,0 2,15,0,1,0 2,15,0,15,0 
2,15,0,15,0 2,0,0,0,0 2,0,0,0,0 1,15,0,1,0 1,15,0,1,0 1,15,0,1,0 1,15,0,1,0 1,15,0,0,0 1,15,0,0,0 1,15,0,0,0 1,15,0,0,0 1,15,0,1,0 1,15,0,1,0 1,15,0,1,0 2,15,0,1,0 2,15,0,1,0 2,15,0,1,0 2,15,0,1,0 2,15,0,1,0 2,15,0,1,0 2,15,0,1,0 2,15,0,1,0 2,15,0,1,0 2,15,0,1,0 2,15,0,15,0 
2,15,0,15,0 2,0,0,0,0 2,0,0,0,0 1,15,0,1,0 1,15,0,1,0 1,15,0,0,0 1,15,0,0,0 1,15,0,0,0 1,15,0,0,0 1,15,0,0,0 1,15,0,0,0 1,15,0,1,0 1,15,0,1,0 1,15,0,1,0 3,15,0,1,0 2,15,0,1,0 2,15,0,1,0 2,15,0,1,0 2,15,0,1,0 2,15,0,1,0 2,15,0,1,0 2,15,0,1,0 2,15,0,1,0 2,15,0,1,0 2,15,0,15,0 
2,15,0,15,0 2,0,0,0,0 2,15,0,1,0 1,15,0,1,0 1,15,0,1,0 1,15,0,1,0 1,15,0,0,0 1,15,0,0,0 1,15,0,0,0 1,15,0,1,0 1,15,0,1,0 1,15,0,1,0 1,15,0,0,0 1,15,0,1,0 2,15,0,1,0 2,15,0,1,0 2,15,0,1,0 2,15,0,1,0 2,15,0,1,0 2,15,0,1,0 2,15,0,1,0 2,15,0,1,0 2,0,0,0,0 2,15,0,1,0 2,15,0,15,0 
2,15,0,15,0 2,0,0,0,0 2,0,0,0,0 2,0,0,0,0 2,0,0,0,0 2,0,0,0,0 2,15,0,1,0 2,15,0,1,0 2,15,0,1,0 2,15,0,1,0 2,0,0,0,0 2,0,0,0,0 2,0,0,0,0 2,15,0,1,0 2,0,0,0,0 2,15,0,1,0 2,15,0,1,0 2,15,0,1,0 2,15,0,1,0 2,15,0,1,0 2,15,0,1,0 2,15,0,1,0 2,15,0,1,0 2,15,0,1,0 2,15,0,15,0 
2,15,0,15,0 2,0,0,0,0 2,15,0,1,0 2,15,0,1,0 2,0,0,0,0 2,15,0,1,0 2,15,0,1,0 2,0,0,0,0 2,0,0,0,0 2,0,0,0,0 2,15,0,1,0 2,15,0,1,0 2,15,0,1,0 2,15,0,1,0 2,15,0,1,0 2,15,0,1,0 2,15,0,1,0 2,15,0,1,0 2,0,0,0,0 2,0,0,0,0 2,0,0,0,0 2,0,0,0,0 2,0,0,0,0 2,15,0,1,0 2,15,0,15,0 
2,15,0,15,0 2,0,0,0,0 2,15,0,1,0 2,0,0,0,0 2,0,0,0,0 2,0,0,0,0 2,0,0,0,0 2,0,0,0,0 2,0,0,0,0 2,15,0,1,0 2,15,0,1,0 2,0,0,0,0 2,0,0,0,0 2,15,0,1,0 2,0,0,0,0 2,15,0,1,0 2,15,0,1,0 2,15,0,1,0 2,15,0,1,0 2,15,0,1,0 2,15,0,1,0 2,0,0,0,0 2,15,0,1,0 2,15,0,1,0 2,15,0,15,0 
2,15,0,15,0 2,0,0,0,0 2,0,0,0,0 2,0,0,0,0 2,0,0,0,0 2,0,0,0,0 2,0,0,0,0 2,0,0,0,0 2,0,0,0,0 2,0,0,0,0 2,0,0,0,0 2,0,0,0,0 2,0,0,0,0 2,0,0,0,0 2,0,0,0,0 2,15,0,1,0 2,15,0,1,0 2,0,0,0,0 2,0,0,0,0 2,0,0,0,0 2,0,0,0,0 2,0,0,0,0 2,15,0,1,0 2,0,0,0,0 2,15,0,15,0 
2,15,0,15,0 2,15,0,15,0 2,15,0,15,0 2,15,0,15,0 2,15,0,15,0 2,15,0,15,0 2,15,0,15,0 2,15,0,15,0 2,15,0,15,0 2,15,0,15,0 2,15,0,15,0 2,15,0,15,0 2,15,0,15,0 2,15,0,15,0 2,15,0,15,0 2,15,0,15,0 2,15,0,15,0 2,15,0,15,0 2,15,0,15,0 2,15,0,15,0 2,15,0,15,0 2,15,0,15,0 2,15,0,15,0 2,15,0,15,0 2,15,0,15,0 
z
2,15,0,15,0 2,15,0,15,0 2,15,0,15,0 2,15,0,15,0 2,15,0,15,0 2,15,0,15,0 2,15,0,15,0 2,15,0,15,0 2,15,0,15,0 2,15,0,15,0 2,15,0,15,0 2,15,0,15,0 2,15,0,15,0 2,15,0,15,0 2,15,0,15,0 2,15,0,15,0 2,15,0,15,0 2,15,0,15,0 2,15,0,15,0 2,15,0,15,0 2,15,0,15,0 2,15,0,15,0 2,15,0,15,0 2,15,0,15,0 2,15,0,15,0 
2,15,0,15,0 2,15,0,15,0 2,15,0,15,0 2,15,0,15,0 2,15,0,15,0 2,15,0,15,0 2,15,0,15,0 2,15,0,15,0 2,15,0,15,0 2,15,0,15,0 2,15,0,15,0 2,15,0,15,0 2,15,0,15,0 2,15,0,15,0 2,15,0,15,0 2,15,0,15,0 2,15,0,15,0 2,15,0,15,0 2,15,0,15,0 2,15,0,15,0 2,15,0,15,0 2,15,0,15,0 2,15,0,15,0 2,15,0,15,0 2,15,0,15,0 
2,15,0,15,0 2,15,0,15,0 2,15,0,15,0 2,15,0,15,0 2,15,0,15,0 2,15,0,15,0 2,15,0,15,0 2,15,0,15,0 2,15,0,15,0 2,15,0,15,0 2,15,0,15,0 2,15,0,15,0 2,15,0,15,0 2,15,0,15,0 2,15,0,15,0 2,15,0,15,0 2,15,0,15,0 2,15,0,15,0 2,15,0,15,0 2,15,0,15,0 2,15,0,15,0 2,15,0,15,0 2,15,0,15,0 2,15,0,15,0 2,15,0,15,0 
2,15,0,15,0 2,15,0,15,0 2,15,0,15,0 2,15,0,15,0 2,15,0,15,0 2,15,0,15,0 2,15,0,15,0 2,15,0,15,0 2,15,0,15,0 2,15,0,15,0 2,15,0,15,0 2,15,0,15,0 2,15,0,15,0 2,15,0,15,0 2,15,0,15,0 2,15,0,15,0 2,15,0,15,0 2,15,0,15,0 2,15,0,15,0 2,15,0,15,0 2,15,0,15,0 2,15,0,15,0 2,15,0,15,0 2,15,0,15,0 2,15,0,15,0 
2,15,0,15,0 2,15,0,15,0 2,15,0,15,0 2,15,0,15,0 2,15,0,15,0 2,15,0,15,0 2,15,0,15,0 2,15,0,15,0 2,15,0,15,0 2,15,0,15,0 2,15,0,15,0 2,15,0,15,0 2,15,0,15,0 2,15,0,15,0 2,15,0,15,0 2,15,0,15,0 2,15,0,15,0 2,15,0,15,0 2,15,0,15,0 2,15,0,15,0 2,15,0,15,0 2,15,0,15,0 2,15,0,15,0 2,15,0,15,0 2,15,0,15,0 
2,15,0,15,0 2,15,0,15,0 2,15,0,15,0 2,15,0,15,0 2,15,0,15,0 2,15,0,15,0 2,15,0,15,0 2,15,0,15,0 2,15,0,15,0 2,15,0,15,0 2,15,0,15,0 2,15,0,15,0 2,15,0,15,0 2,15,0,15,0 2,15,0,15,0 2,15,0,15,0 2,15,0,15,0 2,15,0,15,0 2,15,0,15,0 2,15,0,15,0 2,15,0,15,0 2,15,0,15,0 2,15,0,15,0 2,15,0,15,0 2,15,0,15,0 
2,15,0,15,0 2,15,0,15,0 2,15,0,15,0 2,15,0,15,0 2,15,0,15,0 2,15,0,15,0 2,15,0,15,0 2,15,0,15,0 2,15,0,15,0 2,15,0,15,0 2,15,0,15,0 2,15,0,15,0 2,15,0,15,0 2,15,0,15,0 2,15,0,15,0 2,15,0,15,0 2,15,0,15,0 2,15,0,15,0 2,15,0,15,0 2,15,0,15,0 2,15,0,15,0 2,15,0,15,0 2,15,0,15,0 2,15,0,15,0 2,15,0,15,0 
2,15,0,15,0 2,15,0,15,0 2,15,0,15,0 2,15,0,15,0 2,15,0,15,0 2,15,0,15,0 2,15,0,15,0 2,15,0,15,0 2,15,0,15,0 2,15,0,15,0 2,15,0,15,0 2,15,0,15,0 2,15,0,15,0 2,15,0,15,0 2,15,0,15,0 2,15,0,15,0 2,15,0,15,0 2,15,0,15,0 2,15,0,15,0 2,15,0,15,0 2,15,0,15,0 2,15,0,15,0 2,15,0,15,0 2,15,0,15,0 2,15,0,15,0 
2,15,0,15,0 2,15,0,15,0 2,15,0,15,0 2,15,0,15,0 2,15,0,15,0 2,15,0,15,0 2,15,0,15,0 2,15,0,15,0 2,15,0,15,0 2,15,0,15,0 2,15,0,15,0 2,15,0,15,0 2,15,0,15,0 2,15,0,15,0 2,15,0,15,0 2,15,0,15,0 2,15,0,15,0 2,15,0,15,0 2,15,0,15,0 2,15,0,15,0 2,15,0,15,0 2,15,0,15,0 2,15,0,15,0 2,15,0,15,0 2,15,0,15,0 
2,15,0,15,0 2,15,0,15,0 2,15,0,15,0 2,15,0,15,0 2,15,0,15,0 2,15,0,15,0 2,15,0,15,0 2,15,0,15,0 2,15,0,15,0 2,15,0,15,0 2,15,0,15,0 2,15,0,15,0 2,15,0,15,0 2,15,0,15,0 2,15,0,15,0 2,15,0,15,0 2,15,0,15,0 2,15,0,15,0 2,15,0,15,0 2,15,0,15,0 2,15,0,15,0 2,15,0,15,0 2,15,0,15,0 2,15,0,15,0 2,15,0,15,0 
2,15,0,15,0 2,15,0,15,0 2,15,0,15,0 2,15,0,15,0 2,15,0,15,0 2,15,0,15,0 2,15,0,15,0 2,15,0,15,0 2,15,0,15,0 2,15,0,15,0 2,15,0,15,0 2,15,0,15,0 2,15,0,15,0 2,15,0,15,0 2,15,0,15,0 2,15,0,15,0 2,15,0,15,0 2,15,0,15,0 2,15,0,15,0 2,15,0,15,0 2,15,0,15,0 2,15,0,15,0 2,15,0,15,0 2,15,0,15,0 2,15,0,15,0 
2,15,0,15,0 2,15,0,15,0 2,15,0,15,0 2,15,0,15,0 2,15,0,15,0 2,15,0,15,0 2,15,0,15,0 2,15,0,15,0 2,15,0,15,0 2,15,0,15,0 2,15,0,15,0 2,15,0,15,0 2,15,0,15,0 2,15,0,15,0 2,15,0,15,0 2,15,0,15,0 2,15,0,15,0 2,15,0,15,0 2,15,0,15,0 2,15,0,15,0 2,15,0,15,0 2,15,0,15,0 2,15,0,15,0 2,15,0,15,0 2,15,0,15,0 
2,15,0,15,0 2,15,0,15,0 2,15,0,15,0 2,15,0,15,0 2,15,0,15,0 2,15,0,15,0 2,15,0,15,0 2,15,0,15,0 2,15,0,15,0 2,15,0,15,0 2,15,0,15,0 2,15,0,15,0 2,15,0,15,0 2,15,0,15,0 2,15,0,15,0 2,15,0,15,0 2,15,0,15,0 2,15,0,15,0 2,15,0,15,0 2,15,0,15,0 2,15,0,15,0 2,15,0,15,0 2,15,0,15,0 2,15,0,15,0 2,15,0,15,0 
2,15,0,15,0 2,15,0,15,0 2,15,0,15,0 2,15,0,15,0 2,15,0,15,0 2,15,0,15,0 2,15,0,15,0 2,15,0,15,0 2,15,0,15,0 2,15,0,15,0 2,15,0,15,0 2,15,0,15,0 2,15,0,15,0 2,15,0,15,0 2,15,0,15,0 2,15,0,15,0 2,15,0,15,0 2,15,0,15,0 2,15,0,15,0 2,15,0,15,0 2,15,0,15,0 2,15,0,15,0 2,15,0,15,0 2,15,0,15,0 2,15,0,15,0 
2,15,0,15,0 2,15,0,15,0 2,15,0,15,0 2,15,0,15,0 2,15,0,15,0 2,15,0,15,0 2,15,0,15,0 2,15,0,15,0 2,15,0,15,0 2,15,0,15,0 2,15,0,15,0 2,15,0,15,0 2,15,0,15,0 2,15,0,15,0 2,15,0,15,0 2,15,0,15,0 2,15,0,15,0 2,15,0,15,0 2,15,0,15,0 2,15,0,15,0 2,15,0,15,0 2,15,0,15,0 2,15,0,15,0 2,15,0,15,0 2,15,0,15,0 
2,15,0,15,0 2,15,0,15,0 2,15,0,15,0 2,15,0,15,0 2,15,0,15,0 2,15,0,15,0 2,15,0,15,0 2,15,0,15,0 2,15,0,15,0 2,15,0,15,0 2,15,0,15,0 2,15,0,15,0 2,15,0,15,0 2,15,0,15,0 2,15,0,15,0 2,15,0,15,0 2,15,0,15,0 2,15,0,15,0 2,15,0,15,0 2,15,0,15,0 2,15,0,15,0 2,15,0,15,0 2,15,0,15,0 2,15,0,15,0 2,15,0,15,0 
2,15,0,15,0 2,15,0,15,0 2,15,0,15,0 2,15,0,15,0 2,15,0,15,0 2,15,0,15,0 2,15,0,15,0 2,15,0,15,0 2,15,0,15,0 2,15,0,15,0 2,15,0,15,0 2,15,0,15,0 2,15,0,15,0 2,15,0,15,0 2,15,0,15,0 2,15,0,15,0 2,15,0,15,0 2,15,0,15,0 2,15,0,15,0 2,15,0,15,0 2,15,0,15,0 2,15,0,15,0 2,15,0,15,0 2,15,0,15,0 2,15,0,15,0 
2,15,0,15,0 2,15,0,15,0 2,15,0,15,0 2,15,0,15,0 2,15,0,15,0 2,15,0,15,0 2,15,0,15,0 2,15,0,15,0 2,15,0,15,0 2,15,0,15,0 2,15,0,15,0 2,15,0,15,0 2,15,0,15,0 2,15,0,15,0 2,15,0,15,0 2,15,0,15,0 2,15,0,15,0 2,15,0,15,0 2,15,0,15,0 2,15,0,15,0 2,15,0,15,0 2,15,0,15,0 2,15,0,15,0 2,15,0,15,0 2,15,0,15,0 
2,15,0,15,0 2,15,0,15,0 2,15,0,15,0 2,15,0,15,0 2,15,0,15,0 2,15,0,15,0 2,15,0,15,0 2,15,0,15,0 2,15,0,15,0 2,15,0,15,0 2,15,0,15,0 2,15,0,15,0 2,15,0,15,0 2,15,0,15,0 2,15,0,15,0 2,15,0,15,0 2,15,0,15,0 2,15,0,15,0 2,15,0,15,0 2,15,0,15,0 2,15,0,15,0 2,15,0,15,0 2,15,0,15,0 2,15,0,15,0 2,15,0,15,0 
2,15,0,15,0 2,15,0,15,0 2,15,0,15,0 2,15,0,15,0 2,15,0,15,0 2,15,0,15,0 2,15,0,15,0 2,15,0,15,0 2,15,0,15,0 2,15,0,15,0 2,15,0,15,0 2,15,0,15,0 2,15,0,15,0 2,15,0,15,0 2,15,0,15,0 2,15,0,15,0 2,15,0,15,0 2,15,0,15,0 2,15,0,15,0 2,15,0,15,0 2,15,0,15,0 2,15,0,15,0 2,15,0,15,0 2,15,0,15,0 2,15,0,15,0 
2,15,0,15,0 2,15,0,15,0 2,15,0,15,0 2,15,0,15,0 2,15,0,15,0 2,15,0,15,0 2,15,0,15,0 2,15,0,15,0 2,15,0,15,0 2,15,0,15,0 2,15,0,15,0 2,15,0,15,0 2,15,0,15,0 2,15,0,15,0 2,15,0,15,0 2,15,0,15,0 2,15,0,15,0 2,15,0,15,0 2,15,0,15,0 2,15,0,15,0 2,15,0,15,0 2,15,0,15,0 2,15,0,15,0 2,15,0,15,0 2,15,0,15,0 
2,15,0,15,0 2,15,0,15,0 2,15,0,15,0 2,15,0,15,0 2,15,0,15,0 2,15,0,15,0 2,15,0,15,0 2,15,0,15,0 2,15,0,15,0 2,15,0,15,0 2,15,0,15,0 2,15,0,15,0 2,15,0,15,0 2,15,0,15,0 2,15,0,15,0 2,15,0,15,0 2,15,0,15,0 2,15,0,15,0 2,15,0,15,0 2,15,0,15,0 2,15,0,15,0 2,15,0,15,0 2,15,0,15,0 2,15,0,15,0 2,15,0,15,0 
2,15,0,15,0 2,15,0,15,0 2,15,0,15,0 2,15,0,15,0 2,15,0,15,0 2,15,0,15,0 2,15,0,15,0 2,15,0,15,0 2,15,0,15,0 2,15,0,15,0 2,15,0,15,0 2,15,0,15,0 2,15,0,15,0 2,15,0,15,0 2,15,0,15,0 2,15,0,15,0 2,15,0,15,0 2,15,0,15,0 2,15,0,15,0 2,15,0,15,0 2,15,0,15,0 2,15,0,15,0 2,15,0,15,0 2,15,0,15,0 2,15,0,15,0 
2,15,0,15,0 2,15,0,15,0 2,15,0,15,0 2,15,0,15,0 2,15,0,15,0 2,15,0,15,0 2,15,0,15,0 2,15,0,15,0 2,15,0,15,0 2,15,0,15,0 2,15,0,15,0 2,15,0,15,0 2,15,0,15,0 2,15,0,15,0 2,15,0,15,0 2,15,0,15,0 2,15,0,15,0 2,15,0,15,0 2,15,0,15,0 2,15,0,15,0 2,15,0,15,0 2,15,0,15,0 2,15,0,15,0 2,15,0,15,0 2,15,0,15,0 
2,15,0,15,0 2,15,0,15,0 2,15,0,15,0 2,15,0,15,0 2,15,0,15,0 2,15,0,15,0 2,15,0,15,0 2,15,0,15,0 2,15,0,15,0 2,15,0,15,0 2,15,0,15,0 2,15,0,15,0 2,15,0,15,0 2,15,0,15,0 2,15,0,15,0 2,15,0,15,0 2,15,0,15,0 2,15,0,15,0 2,15,0,15,0 2,15,0,15,0 2,15,0,15,0 2,15,0,15,0 2,15,0,15,0 2,15,0,15,0 2,15,0,15,0 
z
16,0,0,0,0,0,0
16,0,0,0,0,0,0
16,0,0,0,0,0,0
16,0,0,0,0,0,0
22,0,1,15,142,126,0
17,0,0,15,175,132,0
18,0,0,15,155,233,0
19,0,0,15,172,210,0
20,0,0,15,147,184,0
21,0,0,15,189,165,0
18,0,0,15,136,158,0
z
0,0,0,0,0,0,0
34,0,0,0,0,0,0
0,0,0,0,0,0,0
0,0,0,0,0,0,0
0,0,0,0,0,0,0
0,0,0,0,0,0,0
0,0,0,0,0,0,0
0,0,0,0,0,0,0
0,0,0,0,0,0,0
0,0,0,0,0,0,0
0,0,0,0,0,0,0
0,0,0,0,0,0,0
0,0,0,0,0,0,0
z
